#- k[h/Mpc] P(k)[Mpc^3/h^3] 
1e-05   2.953935020623548e-22
1.0079050901539293e-05   2.953004794730424e-22
1.0158726707582003e-05   2.952074861775434e-22
1.0239032358054566e-05   2.951145221666328e-22
1.0319972831933986e-05   2.950215874310885e-22
1.0401553147556524e-05   2.9492868196169164e-22
1.0483778362928845e-05   2.9483580574922575e-22
1.056665357604161e-05   51.7699288191782
1.0650183925185555e-05   52.16274082346855
1.0734374589270075e-05   52.558533333121254
1.0819230788144301e-05   52.95732895048203
1.0904757782920749e-05   53.3591504491109
1.0990960876301499e-05   53.76402077507418
1.1077845412906972e-05   54.17196304824991
1.1165416779607292e-05   54.58300056364268
1.1253680405856283e-05   54.99715679270689
1.1342641764028082e-05   55.41445538468267
1.1432306369756448e-05   55.83492016793801
1.1522679782276709e-05   56.2585751513253
1.1613767604770466e-05   56.68544452554502
1.1705575484712956e-05   57.11555266545235
1.1798109114223238e-05   57.54892414894178
1.1891374230417065e-05   57.985583757417714
1.1985376615762624e-05   58.42555646143098
1.2080122098439021e-05   58.86886742151363
1.2175616552697653e-05   59.31554198962674
1.22718658992264e-05   59.76560571062003
1.2368876105516716e-05   60.219084323705445
1.2466653186233606e-05   60.676003763939285
1.2565203203588553e-05   61.13639016371598
1.2664532267715359e-05   61.60026985427504
1.2764646537048994e-05   62.06766936721714
1.2865552218707407e-05   62.53861543603331
1.2967255568876371e-05   63.01313499099884
1.306976289319738e-05   63.491255135650455
1.3173080547158584e-05   63.97300316957296
1.3277214936488844e-05   64.45840659900584
1.3382172517554883e-05   64.94749313840744
1.348795979776159e-05   65.44029071202414
1.3594583335955466e-05   65.93682745547565
1.3702049742831299e-05   66.43713171735254
1.3810365681342002e-05   66.94123206082232
1.391953786711174e-05   67.44915726525146
1.402957306885229e-05   67.96093632783581
1.4140478108782704e-05   68.47659846524725
1.4252259863052294e-05   68.99617311543984
1.4364925262166948e-05   69.51968994692507
1.4478481291418833e-05   70.04717886431602
1.4592934991319475e-05   70.57866999989908
1.4708293458036285e-05   71.1141937144749
1.4824563843832509e-05   71.65378059909165
1.4941753357510684e-05   72.19746147678968
1.505986926485958e-05   72.74526740436002
1.5178918889104681e-05   73.29722967411686
1.5298909611362233e-05   73.85337981568212
1.5419848871096864e-05   74.41374959778419
1.554174416658285e-05   74.97837103007183
1.5664603055368993e-05   75.54727636493917
1.5788433154747197e-05   76.12049810146483
1.5913242142224757e-05   76.69806900261767
1.603903775600035e-05   77.28002208886615
1.616582779544381e-05   77.86639063179351
1.6293620121579685e-05   78.45720815595183
1.642242265757465e-05   79.05250844079056
1.6552243389228707e-05   79.65232552259786
1.6683090365470338e-05   80.25669369645736
1.6814971698855526e-05   80.86564751822236
1.694789556607075e-05   81.47922180649927
1.7081870208439915e-05   82.0974516446534
1.721690393243535e-05   82.72037238282323
1.7353005110192788e-05   83.34801963989979
1.7490182180030458e-05   83.98042928933415
1.7628443646972245e-05   84.61763743803385
1.776779808327502e-05   85.25968046052142
1.790825412896012e-05   85.90659500652369
1.8049820492349023e-05   86.558418003044
1.819250595060328e-05   87.2151866564574
1.8336319350268694e-05   87.87693845461732
1.8481269607823803e-05   88.54371116897771
1.8627365710232723e-05   89.21554285673382
1.8774616715502322e-05   89.89247186297527
1.8923031753243835e-05   90.57453682285939
1.907262002523889e-05   91.26177666379792
1.922339080601004e-05   91.95423060909319
1.9375353443395763e-05   92.6519382013386
1.952851735913005e-05   93.35493930080247
1.9682892049426547e-05   94.06327407071367
1.9838487085567313e-05   94.77698297907239
1.9995312114496287e-05   95.496106800966
2.015337685941733e-05   96.22068662089745
2.0312691120397136e-05   96.95076383513396
2.0473264774972792e-05   97.6863801540755
2.0635107778764217e-05   98.42757760463783
2.0798230166091393e-05   99.17439853265326
2.0962642050596517e-05   99.92688560529501
2.112835362587103e-05   100.68508181351302
2.1295375166087634e-05   101.4490304775657
2.14637170266373e-05   102.21877525891325
2.1633389644771293e-05   102.99436015382258
2.1804403540248292e-05   103.77582949285605
2.1976769315986604e-05   104.56322794341783
2.2150497658721588e-05   105.3566005123119
2.232559933966818e-05   106.15599254833339
2.2502085215188756e-05   106.96144974486276
2.2679966227466222e-05   107.7730181424929
2.285925340518241e-05   108.5907441316715
2.303995786420189e-05   109.41467445536192
2.3222090808261134e-05   110.244856211727
2.340566352966317e-05   111.08133685597683
2.3590687409977694e-05   111.92416417235648
2.377717392074673e-05   112.77338626727881
2.3965134624195887e-05   113.62905160846992
2.4154581173951205e-05   114.49120903023527
2.434552531576169e-05   115.35990773622376
2.4537978888227555e-05   116.23519730221157
2.4731953823534198e-05   117.11712767890847
2.492746214819205e-05   118.00574919478304
2.512451598378217e-05   118.90111255891208
2.53231275477078e-05   119.80326886384816
2.552330915395188e-05   120.71226958851268
2.5725073213840476e-05   121.62816660110403
2.5928432236812314e-05   122.55101216982213
2.613339883119436e-05   123.48085901249735
2.633998570498354e-05   124.41776027007892
2.654820566663464e-05   125.3617694873707
2.6758071625854438e-05   126.3129406160242
2.696959659440211e-05   127.27132801763432
2.7182793686895962e-05   128.23698646686108
2.7397676121626536e-05   129.20997115456888
2.7614257221376147e-05   130.190337691001
2.7832550414244917e-05   131.1781421089666
2.80525692344833e-05   132.1734408670574
2.827432732333123e-05   133.17629085289073
2.849783842986387e-05   134.18674938622226
2.872311641184405e-05   135.2048742003336
2.8950175236581484e-05   136.23072342134594
2.917902898179871e-05   137.26435560996762
2.940969183650394e-05   138.3058297702407
2.9642178101870774e-05   139.3552053528843
2.9876502192124887e-05   140.41254225867272
3.0112678635437697e-05   141.47790084183345
3.0350722074827135e-05   142.55134191347287
3.059064726906549e-05   143.63292674502728
3.08324690935945e-05   144.72271707174076
3.10762025414476e-05   145.82077509616747
3.132186272417951e-05   146.92716349170175
3.1569464872803143e-05   148.041945408954
3.181902433873395e-05   149.16518451271824
3.2070556594741714e-05   150.2969449755993
3.232407723590984e-05   151.43729145789672
3.2579601980602276e-05   152.58628911081388
3.283714667143807e-05   153.74400358019932
3.3096727276273584e-05   154.91050101029862
3.335835988919253e-05   156.08584804754108
3.3622060731503815e-05   157.2701118443606
3.388784615274723e-05   158.46336006303656
3.415573263170718e-05   159.66566087957133
3.442573677743432e-05   160.877082987591
3.4697875330275375e-05   162.097695602278
3.4972165162911e-05   163.32756844303523
3.524862328140191e-05   164.56677168490697
3.5527266826243284e-05   165.81537601787568
3.580811307342744e-05   167.07345266610062
3.609117943551497e-05   168.34107339194708
3.637648346271435e-05   169.6183105000348
3.666404284397003e-05   170.90523684131426
3.695387540805913e-05   172.20192581718868
3.724599912469691e-05   173.50845138364622
3.7540432105650804e-05   174.82488805544247
3.783719260586343e-05   176.15131091030065
3.8136299024584366e-05   177.4877955931474
3.843776990651091e-05   178.83441832247314
3.8741623942937865e-05   180.19125595029692
3.904787997291641e-05   181.55838597442954
3.935655698442211e-05   182.93588648423747
3.9667674115532226e-05   184.32383616191635
3.998125065561219e-05   185.72231428699442
4.029730604651165e-05   187.1314007408716
4.0615859883769796e-05   188.55117601139852
4.093693191783035e-05   189.9817211974765
4.1260542055266065e-05   191.42311801370948
4.158671036001293e-05   192.87544879507777
4.1915457054614175e-05   194.3387965016568
4.224680252147405e-05   195.81324472336271
4.258076730412154e-05   197.29887767748068
4.2917372108484104e-05   198.7957801777256
4.3256637804171396e-05   200.30403766498378
4.3598585425769234e-05   201.82373622729543
4.394323617414372e-05   203.35496260478897
4.429061141775574e-05   204.89780419459856
4.464073269398574e-05   206.4523490558414
4.499362171046915e-05   208.01868591462477
4.53493003464422e-05   209.59690416909189
4.570779065409842e-05   211.18709389450197
4.6069114859956e-05   212.78934584835906
4.643329536623567e-05   214.40375147556216
4.680035475224979e-05   216.03040291327238
4.717031577580219e-05   217.66939296605693
4.754320137459922e-05   219.3208150866227
4.791903466767183e-05   220.98476342797127
4.829783895680904e-05   222.6613328540887
4.867963772800257e-05   224.3506189452931
4.906445465290304e-05   226.05271800361635
4.9452313590287615e-05   227.76772705823893
4.9843238587539215e-05   229.49574387094634
5.023725388213752e-05   231.23686694164525
5.0634383903161644e-05   232.99119551390308
5.1034653272804795e-05   234.75882958054777
5.1438086807900845e-05   236.5398698892922
5.184470952146293e-05   238.33441796113686
5.2254546624234366e-05   240.1425762178842
5.266762352625162e-05   241.96444793842863
5.308396583841985e-05   243.80013718757738
5.350359937410066e-05   245.64974882098542
5.3926550150712636e-05   247.51338849117013
5.43528443913444e-05   249.3911626535913
5.478250852638046e-05   251.28317857276392
5.521556919513989e-05   253.1895443284189
5.565205324752799e-05   255.11036882171743
5.609198774570097e-05   257.0457617815039
5.653539996574383e-05   258.9958337706182
5.6982317399361484e-05   260.96069619214245
5.7432767755583245e-05   262.94046118715335
5.78867789624808e-05   264.9352414274462
5.834437916889979e-05   266.94515037323407
5.880559674620498e-05   268.97030233591397
5.9270460290039326e-05   271.0108124843838
5.973899862209697e-05   273.06679685140324
6.02112407919101e-05   275.1383723400017
6.068721607865008e-05   277.2256567299382
6.116695399294279e-05   279.3287686841939
6.165048427869825e-05   281.4478277555295
6.213783691495474e-05   283.5829543930872
6.262904211773761e-05   285.7342699490257
6.312413034193256e-05   287.9018967020328
6.362313228317391e-05   290.08595820701487
6.412607887974776e-05   292.28657929931165
6.463300131451015e-05   294.503885780413
6.514393101682037e-05   296.73800441176445
6.565889966448969e-05   298.9890629221472
6.617793918574527e-05   301.2571900151034
6.670108176120983e-05   303.5425153764357
6.722835982589681e-05   305.84516968173955
6.77598060712213e-05   308.16528460402736
6.829545344702707e-05   310.5029928213856
6.88353351636293e-05   312.85842802469875
6.937948469387372e-05   315.2317249254385
6.992793577521193e-05   317.62301914270853
7.048072241179315e-05   320.03244672418015
7.103787887657243e-05   322.46014455129097
7.159943971343564e-05   324.906250529543
7.216543973934117e-05   327.3709035961328
7.27359140464786e-05   329.8542437275543
7.331089800444447e-05   332.3564119472786
7.389042726243511e-05   334.8775503334646
7.447453775145702e-05   337.41780202675517
7.506326568655447e-05   339.97731123809774
7.565664756905501e-05   342.5562232566498
7.625472018883246e-05   345.1546844577179
7.685752062658781e-05   347.7728423151056
7.746508625614848e-05   350.4108456561436
7.807745474678522e-05   353.06884481261005
7.86946640655479e-05   355.74699128724336
7.931675247961921e-05   358.44543773054784
7.99437585586875e-05   361.16433794949603
8.057572117733787e-05   363.90384691628674
8.121267951746261e-05   366.66412077717
8.185467307069028e-05   369.4453168613559
8.250174164083451e-05   372.24759368996894
8.315392534636147e-05   375.07111098507966
8.381126462287757e-05   377.9160296788146
8.447380022563622e-05   380.7825119225103
8.514157323206489e-05   383.6707210636781
8.581462504431172e-05   386.5808214032021
8.649299739181265e-05   389.51297833238823
8.717673233387848e-05   392.4673584836621
8.786587226230271e-05   395.4441297410232
8.856045990398987e-05   398.4434612493606
8.926053832360432e-05   401.4655234238428
8.996615092624069e-05   404.5104879593768
9.067734146011459e-05   407.5785278401266
9.139415401927546e-05   410.6698173491315
9.21166330463399e-05   413.78453207795314
9.284482333524764e-05   416.92284893642835
9.357877003403838e-05   420.0849461625634
9.43185186476513e-05   423.27100336455163
9.506411504074601e-05   426.4812015804837
9.581560544054663e-05   429.7157232223763
9.657303643970742e-05   432.9747520742072
9.733645499920203e-05   436.2584733021535
9.810590845123458e-05   439.567073464931
9.888144450217474e-05   442.90074052418834
9.966311123551515e-05   446.25966385499896
0.00010045095711485295   449.644034256412
0.00010124503098689436   453.0540439620817
0.0001020453820844831   456.4898866509945
0.00010285206002965311   459.95175745826197
0.00010366511483670483   463.43985298249197
0.00010448459691530643   466.9543712408912
0.00010531055707361886   470.495511688197
0.00010614304652144635   474.0634752742893
0.00010698211687341107   477.65846445680074
0.0001078278201521536   481.28068321232536
0.00010868020879155801   484.9303370477198
0.00010953933564000315   488.60763301148904
0.00011040525396363885   492.31277970524405
0.00011127801744968888   496.04598729525594
0.00011215768020977917   499.80746752409095
0.00011304429678329307   503.59743372232236
0.0001139379221407525   507.4161008203477
0.00011483861168722653   511.2636853313824
0.0001157464212657661   515.1404052685496
0.00011666140716086663   519.0464802434348
0.00011758362610195757   522.9821315098287
0.0001185131352669194   526.9475819758812
0.00011944999228562924   530.9430562163305
0.00012039425524353326   534.9687804848053
0.00012134598268524857   539.0249827262326
0.00012230523361819257   543.111892589353
0.0001232720675162418   547.2297414392783
0.0001242465443234189   551.378762370181
0.00012522872445760972   555.5591902180769
0.00012621866881430867   559.7712615714506
0.00012721643877039473   564.0152146956093
0.0001282220961879365   568.2912895126312
0.00012923570341802793   572.599727723495
0.00013025732330465388   576.9407728293417
0.0001312870191885867   581.3146701446926
0.0001323248549113131   585.7216668107271
0.00013337089481899264   590.162011808701
0.00013442520376644694   594.6359559734292
0.00013548784712118098   599.1437520068735
0.00013655889076743573   603.6856544918436
0.00013763840111027286   608.2619199057657
0.00013872644507969227   612.8728066345806
0.0001398230901347813   617.5185749929278
0.00014092840426789774   622.1994872779649
0.00014204245600888483   626.9158077596427
0.00014316531442932064   631.6678026752905
0.0001442970491468   636.4557402439516
0.00014543773032925144   641.2798906809223
0.000146587428699287   646.1405262123992
0.00014774621553858755   651.0379210902133
0.0001489141626923219   655.9723516066769
0.00015009134257360163   660.9440961095671
0.0001512778281679702   665.953435017165
0.00015247369303792864   671.0006508334473
0.00015367901132749595   676.0860281624161
0.00015489385776680647   681.2098535548021
0.000156118307676743   686.3724153215329
0.0001573524369736065   691.5740038569049
0.00015859632217382334   696.8149117002891
0.000159850040398689   702.0954335516298
0.00016111366937914987   707.4158662870535
0.00016238728746062237   712.7765089745753
0.00016367097360785065   718.1776628899404
0.00016496480740980205   723.6196315325471
0.00016626886908460212   729.1027206415093
0.00016758323948450773   734.627238211803
0.0001689080001009203   740.1934945105372
0.00017024323306943792   745.8018020912504
0.00017158902117494828   751.4524757834699
0.00017294544785676063   757.1458327164092
0.00017431259721378006   762.8821923555818
0.0001756905540097205   768.6618765200993
0.00017707940367836113   774.4852093995861
0.00017847923232884258   780.3525175712506
0.00017989012675100614   786.2641300170371
0.0001813121744207746   792.220378140945
0.00018274546350557572   798.221595786428
0.00018419008286980893   804.2681192539214
0.0001856461220803544   810.3602873185012
0.000187113671412127   816.4984412476631
0.0001885928218536725   822.6829246749202
0.00019008366511280973   828.9140832350308
0.00019158629362231574   835.1922649706256
0.00019310080054565736   841.5178204648674
0.00019462727978276662   847.8911028593714
0.00019616582597586346   854.3124678722886
0.00019771653451532262   860.7822738164936
0.00019927950154558874   867.3008816178898
0.00020085482397113664   873.8686548338763
0.0002024425994624801   880.4859596718516
0.00020404292646222674   887.1531650079459
0.00020565590419118225   893.8706424058041
0.0002072816326545013   900.6387661281636
0.00020892021264788874   907.4579129401951
0.0002105717457638484   914.3284620864728
0.00021223633439798183   921.250795546275
0.0002139140817553374   928.2252980667158
0.00021560509185680827   935.2523571820287
0.00021730946954558257   942.3323632329603
0.0002190273204936429   949.4657093863492
0.00022075875120831877   956.652791654744
0.00022250386903888928   963.8940089162224
0.0002242627821832398   971.1897629343273
0.00022603559969456926   978.5404583781109
0.00022782243148815234   985.9465028423222
0.0002296233883481535   993.4083068164562
0.0002314385819344964   1000.9262834360565
0.00023326812478978605   1008.500848690038
0.00023511213034628736   1016.13242155968
0.00023697071293295708   1023.8214240394673
0.00023884398778253294   1031.5682811577688
0.00024073207103867788   1039.373420997682
0.00024263507976318065   1047.2372747179732
0.00024455313194321444   1055.1602765742448
0.0002464863464986513   1063.1428639401197
0.0002484348432894358   1071.1854773286032
0.000250398743123016   1079.2885604136432
0.0002523781677618341   1087.4525600468658
0.00025437323993087477   1095.6779257819226
0.00025638408332527546   1103.9651094475366
0.0002584108226179942   1112.3145659747559
0.0002604535834675405   1120.7267535173144
0.0002625124925257653   1129.2021334730753
0.0002645876774457142   1137.7411705055981
0.00026667926688954126   1146.3443325658482
0.00026878739053648687   1155.0120909140437
0.0002709121790909171   1163.7449201416234
0.00027305376429042835   1172.5432981933272
0.00027521227891401384   1181.4077063894338
0.0002773878567902973   1190.3386294481422
0.00027958063280582996   1199.336555497408
0.0002817907429134525   1208.4019759887208
0.0002840183241407261   1217.5353857603377
0.00028626351459842635   1226.737283131807
0.00028852645348910764   1236.0081699279592
0.00029080728111573244   1245.348551501971
0.0002931061388903714   1254.7589367585636
0.0002954231693429698   1264.2398381773257
0.00029775851613018554   1273.791771836145
0.00030011232404429476   1283.415257434826
0.00030248473902217023   1293.1108183188321
0.0003048759081543282   1302.8789815031269
0.0003072859796940492   1312.7202776958331
0.00030971510306656907   1322.6352406395945
0.0003121634288783439   1332.624405687716
0.0003146311089263868   1342.6883114688828
0.0003171182962076805   1352.8275003040897
0.00031962514492866274   1363.0425182295598
0.0003221518105147864   1373.3339150196973
0.00032469844962015735   1383.7022442102254
0.0003272652201372457   1394.148063121403
0.00032985228120667616   1404.671932881392
0.0003324597932270941   1415.2744184496573
0.000335087917865111   1425.956088640628
0.0003377368180653271   1436.7175161473647
0.0003404066580604347   1447.5592775598097
0.0003430976033814002   1458.4819532655627
0.00034580982086772723   1469.4861274691277
0.00034854347867780067   1480.5723883358837
0.00035129874629931287   1491.7413280217702
0.0003540757945597712   1502.993542697537
0.00035687479563709036   1514.3296325731314
0.00035969592307026654   1525.7502019221633
0.0003625393517701378   1537.255859106539
0.0003654052580302278   1548.8472166012275
0.0003682938195376764   1560.5248910190485
0.00037120521538425676   1572.2895031356813
0.00037413962607747795   1584.1416779147614
0.0003770972335517778   1596.0820441370463
0.00038007822117980185   1608.1112327210833
0.0003830827737837733   1620.2298780878857
0.0003861110776469512   1632.4386188504407
0.00038916332052518125   1644.7380978378576
0.00039223969165853514   1657.1289621194762
0.0003953403817830454   1669.6118630288613
0.0003984655831425291   1682.1874561880336
0.00040161548950050883   1694.8564015316829
0.00040479029615222463   1707.6193633316425
0.00040799019993674376   1720.4770102212128
0.00041121539924916323   1733.4300152198548
0.00041446609405291194   1746.4790557455656
0.000417742485892147   1759.6248128479247
0.00042104477790425103   1772.8679707169622
0.00042437317483242515   1786.2092178467844
0.0004277278830383846   1799.6492471730992
0.00043110911051515236   1813.1887560970358
0.0004345170668999548   1826.8284465091513
0.0004379519634872199   1840.5690248133394
0.0004414140132416766   1854.4112019510173
0.0004449034308115599   1868.3556934252333
0.00044842043254191753   1882.4032193249031
0.0004519652364880254   1896.5545043491531
0.0004555380624289051   1910.8102778316427
0.0004591391318809519   1925.171273523829
0.0004627686681116675   1939.638227607318
0.0004664268961535041   1954.2118796735995
0.0004701140428178148   1968.89297392184
0.00047383033670891797   1983.682259193387
0.0004775760082382685   1998.580488994311
0.0004813512896387457   2013.5884215183046
0.00048515641497904997   2028.7068196693685
0.0004889916201782163   2043.9364510846647
0.0004928571430202411   2059.2780881574286
0.0004967532231688241   2074.7325080597707
0.0005006801021822286   2090.300492765717
0.0005046380235282575   2105.9828290723603
0.0005086272325993492   2121.780307731759
0.0005126479767277904   2137.693721979993
0.0005167005052010531   2153.7238694638136
0.0005207850692772481   2169.871552635578
0.0005249019222007052   2186.1375787743837
0.0005290513192176724   2202.5227600071516
0.0005332335175921433   2219.027913329798
0.0005374487766218059   2235.6538606282697
0.0005416973576541204   2252.4014286996994
0.0005459795241025213   2269.2714492735186
0.000550295541462751   2286.264759032571
0.0005546456773293197   2303.3821996341608
0.000559030201412095   2320.624617662343
0.0005634493855530266   2337.9928634604657
0.0005679035037429992   2355.48779127056
0.0005723928321388198   2373.110260283277
0.0005769176490803404   2390.8611346933963
0.0005814782351077132   2408.7412837195384
0.0005860748729787873   2426.751581623718
0.000590707847686637   2444.8929077310495
0.0005953774464772338   2463.166146449214
0.0006000839588672523   2481.572187288028
0.0006048276766620245   2500.1119248789264
0.0006096088939736293   2518.7862589944143
0.0006144279072391283   2537.596094567424
0.0006192850152389435   2556.542340534879
0.0006241805191153847   2575.6259057245825
0.0006291147223913179   2594.8477025120105
0.0006340879309889859   2614.2086482693067
0.0006391004532489722   2633.709665380316
0.0006441525999493222   2653.3516812551456
0.0006492446843248093   2673.1356283448754
0.000654377022086356   2693.062444155928
0.0006595499314406088   2713.1330712644444
0.0006647637331096645   2733.3484573305136
0.0006700187503509589   2753.7095551122766
0.0006753153089773061   2774.217322479888
0.0006806537373771007   2794.8727224135787
0.0006860343665346753   2815.67672231287
0.0006914575300508254   2836.63029370273
0.0006969235641634903   2857.7344131478167
0.0007024328077686008   2878.9900623372837
0.0007079856024410892   2900.3982280968885
0.0007135822924560697   2921.959902401014
0.0007192232248101821   2943.6760823844998
0.0007249087492431069   2965.547770354317
0.0007306392182592456   2987.5759738010934
0.0007364149871495811   3009.7617054103976
0.0007422364140137029   3032.1059830739123
0.0007481038597820108   3054.6098299004307
0.00075401768823809   3077.2742733518576
0.0007599782660412692   3100.1003392848947
0.0007659859627493521   3123.0890553741197
0.0007720411508415298   3146.241454207503
0.0007781442057414759   3169.5585733081975
0.0007842955058406197   3193.0414551385493
0.0007904954325216111   3216.691147103774
0.0007967443701819635   3240.508701555267
0.0008030427062578881   3264.4951757939293
0.0008093908312483118   3288.651632072747
0.0008157891387390932   3312.979137599571
0.0008222380254274219   3337.478764539256
0.0008287378911464149   3362.1515900080485
0.0008352891388899043   3386.9986943904482
0.0008418921748374266   3412.0211591428447
0.0008485474083794039   3437.220069990868
0.0008552552521425266   3462.596517440921
0.0008620161220153345   3488.1515967772116
0.000868830437174006   3513.8864080588046
0.0008756986201083441   3539.802056115938
0.0008826210966479717   3565.8996505462
0.0008895982959887343   3592.18030571023
0.0008966306507193069   3618.645140727153
0.0009037185968480191   3645.2952794694343
0.0009108625738298849   3672.1318505576187
0.0009180630245938507   3699.155986858128
0.0009253203955702538   3726.368818692195
0.000932635136718506   3753.7714753544014
0.0009400077015549877   3781.3650903294374
0.0009474385471811682   3809.1508014109327
0.0009549281343119428   3837.1297506866345
0.0009624769273042019   3865.303084522937
0.0009700853941856182   3893.671953549154
0.0009777540066836662   3922.2375126409984
0.0009854832402548658   3951.000920903799
0.0009932735741142666   3979.963341655013
0.0010011254912651551   4009.125942406212
0.0010090394785290024   4038.489894844779
0.0010170160265756487   4068.056372196267
0.0010250556299537198   4097.826541752935
0.0010331587871212965   4127.801572169526
0.0010413260004768143   4157.982635750558
0.0010495577763902147   4188.370908421374
0.0010578546252343365   4218.967569698726
0.001066217061416565   4249.7738026604075
0.00107464560341072   4280.790793914454
0.0010831407737892061   4312.0197335676485
0.0010917030992554063   4343.461815193081
0.0011003331106763437   4375.118235797503
0.0011090313431155936   4406.990195787518
0.001117798335866456   4439.078898672681
0.0011266346324853925   4471.385542555403
0.001135540780825728   4503.911317979426
0.0011445173330716183   4536.657417538048
0.0011535648457722848   4569.625036443424
0.0011626838798765179   4602.815372478506
0.0011718750007674618   4636.2296259482755
0.0011811387782976641   4669.868999629944
0.0011904757868244087   4703.734698722446
0.0011998866052453263   4737.82793079503
0.0012093718170342823   4772.1499057349
0.0012189320102775592   4806.70183569413
0.0012285677777103133   4841.4849350355225
0.0012382797167533265   4876.500418453933
0.0012480684295500433   4911.749490714327
0.001257934523003909   4947.233353389766
0.0012678786088159944   4982.95320947994
0.0012779013035229241   5018.910263356055
0.0012880032285350963   5055.105720692329
0.0012981850101752178   5091.540788396219
0.001308447279717132   5128.216674538006
0.0013187906734249603   5165.134588278817
0.0013292158325925454   5202.295739798018
0.001339723403583219   5239.70134021947
0.0013503140378698733   5277.352601536603
0.0013609883920753505   5315.250736472393
0.001371747128013158   5353.3969506670455
0.0013825909127284952   5391.792434931291
0.001393520418539617   5430.43837820675
0.0014045363230795137   5469.335969186925
0.0014156393093379264   5508.486396224115
0.0014268300657036884   5547.890847235194
0.0014381092860074123   5587.550509606123
0.0014494776695645032   5627.466570095406
0.001460935921218519   5667.640214736043
0.0014724847513848647   5708.072628736551
0.0014841248760948478   5748.764996380548
0.0014958570170400661   5789.718500925216
0.0015076819016171565   5830.934323101914
0.0015196002629728872   5872.4136256755055
0.001531612840049622   5914.157558544798
0.0015437203776311297   5956.16726913466
0.001555923626388761   5998.44390246198
0.0015682233429279936   6040.988601013244
0.0015806202898353354   6083.802504620434
0.001593115235725613   6126.886750335809
0.0016057089552896219   6170.242472305198
0.001618402229342159   6213.870801639766
0.0016311958448704284   6257.772866286551
0.0016440905950828432   6301.949790897567
0.0016570872794582   6346.402696695256
0.0016701867037952475   6391.132694036365
0.0016833896802626426   6436.140865620981
0.0016966970274493122   6481.4282846192555
0.0017101095704152025   6526.996019203584
0.001723628140742433   6572.845132393685
0.0017372535765868508   6618.976681899846
0.0017509867227300056   6665.3917199645675
0.001764828430631519   6712.091293202946
0.0017787795584818797   6759.076442441114
0.001792840971255645   6806.348202553437
0.0018070135407650782   6853.9076022981135
0.0018212981457141966   6901.75566415123
0.0018356956717532511   6949.893403364495
0.0018502070115336393   6998.321809041056
0.0018648330647632444   7047.041842364288
0.0018795747382622254   7096.054455433961
0.001894432946019236   7145.36059202464
0.001909408609248093   7194.961187392836
0.0019245026564448872   7244.8571680824425
0.00193971602344556   7295.049451728855
0.0019550496534839175   7345.5389468609055
0.0019705044972501175   7396.326552701638
0.0019860815129496023   7447.413158967272
0.0020017816663625205   7498.7996456646515
0.002017605930903598   7550.486882886732
0.002033555287682495   7602.475726494112
0.0020496307255646238   7654.766999035867
0.0020658332412324754   7707.361503875086
0.0020821638392474013   7760.260032649857
0.002098623532111903   7813.46336505414
0.0021152133403324063   7866.972268609869
0.002131934292482527   7920.787498437656
0.0021487874252668544   7974.909797025917
0.0021657737835852177   8029.339893997979
0.002182894420597477   8084.078505878034
0.0022001503977888085   8139.126335855587
0.0022175427850355317   8194.48407354769
0.0022350726606714323   8250.152394467614
0.002252741111554624   8306.131937965654
0.002270549233134925   8362.423291166162
0.0022884981295217912   8419.027021439537
0.002306588913552759   8475.94367962871
0.0023248227068624486   8533.173799778797
0.0023432006399520975   8590.717898865205
0.002361723852259663   8648.576476520248
0.00238039349223046   8706.750014758794
0.0023992107173883676   8765.238977701469
0.0024181766944075976   8824.043811297357
0.0024372925991850195   8883.164943044769
0.002456559616913081   8942.602781710515
0.0024759789421532805   9002.357714867887
0.002495551778910234   9062.430089195486
0.002515279340706317   9122.820218862556
0.0025351628506569157   9183.528397061236
0.00255520354154625   9244.55489584472
0.0025754026559038144   9305.899965826484
0.002595761446081402   9367.563835877747
0.002616281174330769   9429.54671282444
0.0026369631128818805   9491.848781142375
0.002657808544021799   9554.470202651954
0.0026788187601741744   9617.411116211228
0.0026999950639793875   9680.671637408226
0.0027213387683753076   9744.251858227994
0.002742851196678699   9808.151829028038
0.002764533682667256   9872.37152622684
0.0027863875706623143   9936.910891489173
0.002808414215612187   10001.769839654506
0.002830614983176177   10066.94825839942
0.0028529912498092497   10132.44600789913
0.002875544402847362   10198.262920488862
0.002898275840593496   10264.398800324025
0.002921186972404342   10330.853423040417
0.002944279218777684   10397.626535413314
0.0029675540114404613   10464.717855016448
0.0029910127934375517   10532.127069880635
0.00301465701922123   10599.853836467752
0.003038488154741352   10667.89774787729
0.0030625076775362275   10736.258335437606
0.0030867170768242515   10804.93509677536
0.003111117853596219   10873.927496537255
0.003135711520708398   10943.234966028209
0.0031604996029763114   11012.856902849127
0.003185483637269296   11082.792670535304
0.0032106651726057757   11153.041598194628
0.0032360457702493043   11223.602980146596
0.0032616270038053684   11294.476075561044
0.0032874104593189394   11365.660108098125
0.0033133977353728243   11437.154265548234
0.003339590443186771   11508.95768695301
0.003365990206717365   11581.069415329392
0.0033925986627587074   11653.488437516067
0.003419417461043914   11726.213700797292
0.003446448264347385   11799.244112525746
0.0034736927485879065   11872.578539744474
0.003501152602932543   11946.215808809984
0.003528829529901388   12020.154705016861
0.003556725245473105   12094.39397222414
0.0035848414791913286   12168.932312482957
0.0036131799742718804   12243.76838566555
0.0036417424877108703   12318.900809097144
0.0036705307903936186   12394.32815628031
0.003699546667204452   12470.048911052687
0.0037287919171373743   12546.061444672505
0.0037582683534075866   12622.36407621721
0.003787977803563932   12698.955077434612
0.0038179221096021868   12775.832672359114
0.0038481031280792745   12852.995036932478
0.003878522730228357   12930.440298625896
0.003909182802074875   13008.166536066617
0.0039400852445534654   13086.171778667192
0.00397123197362583   13164.454006257925
0.004002624920399507   13243.011148723715
0.0040342660312476285   13321.841085643862
0.004066157267929573   13400.941636531834
0.004098300607712615   13480.310492168186
0.004130698043494484   13559.945251751422
0.004163351583926967   13639.843459539366
0.004196263253540412   13720.00260474256
0.004229435092869272   13800.420121165369
0.004262869158578595   13881.093386853003
0.004296567523591563   13962.019723743426
0.004330532277217997   14043.196397324838
0.0043647655252839045   14124.620616299251
0.004399269390262039   14206.2895322511
0.00443404601140348   14288.200239322414
0.004469097544870294   14370.349773770602
0.004504426163869197   14452.735078844991
0.004540034058786303   14535.352955463824
0.004575923437322917   14618.20013106615
0.004612096524632431   14701.273271123076
0.004648555563458273   14784.568978833395
0.004685302814272963   14868.083794825247
0.004722340555418248   14951.814196867716
0.004759671083246385   15035.75659958888
0.004797296712262496   15119.907354204224
0.004835219775268082   15204.262748251464
0.004873442623505637   15288.819005335594
0.004911967626804449   15373.572284883054
0.004950797173727518   15458.518675888568
0.0049899336717196515   15543.654108297838
0.005029379547256726   15628.974370029953
0.005069137245996117   15714.475178020271
0.005109209232928355   15800.152180015977
0.005149597992529941   15886.000954368557
0.005190306028917386   15972.017009838875
0.005231335866002459   16058.195785412456
0.0052726900476486906   16144.53265012795
0.005314371137829078   16231.022902917051
0.00535638172078506   16317.661772456706
0.0053987244011867224   16404.44441703419
0.005441401804294321   16491.365924424714
0.005484416576121019   16578.421272318545
0.005527771383596962   16665.60520840777
0.005571468914734605   16752.912365669938
0.005615511878795395   16840.33730121652
0.005659903006457732   16927.874496223205
0.005704645049986274   17015.518355874792
0.005749740783402586   17103.26320932734
0.005795193002657106   17191.103309685674
0.005841004525802528   17279.032833997968
0.0058871781931685045   17367.04588326656
0.005933716867537751   17455.136482476963
0.005980623434323526   17543.298580642324
0.006027900801748554   17631.526047205083
0.006075551901025317   17719.812541669628
0.006123579686537802   17808.15147516697
0.006171987136024651   17896.53616618294
0.006220777250763817   17984.959851383283
0.006269953055758616   18073.41568576435
0.006319517599925295   18161.8967428247
0.006369473956282045   18250.396014759626
0.006419825222139557   18338.90641267684
0.006470574519293038   18427.420766834977
0.006521724994215766   18515.931826905326
0.006573279818254179   18604.43226225487
0.00662524218782448   18692.914662254887
0.0066776153246108465   18781.37150661838
0.006730402475765152   18869.794987529556
0.006783606914108309   18958.17712588788
0.006837231938333152   19046.509857668363
0.006891280873208998   19134.78503466352
0.006945757069787762   19222.99442495023
0.007000663905611729   19311.12971338335
0.007056004784922947   19399.182502118474
0.0071117831388743166   19487.144311163334
0.007168002425742311   19575.006578956592
0.007224666131141392   19662.760662977653
0.007281777768240101   19750.39784038465
0.007339340877978916   19837.90930760878
0.007397359029289755   19925.286026144156
0.007455835819317278   20012.518557410207
0.007514774873641874   20099.59733806937
0.0075741798465044936   20186.512719176324
0.0076340544210331835   20273.254967044497
0.0076944023094714506   20359.814264149256
0.007755227253408429   20446.180710067092
0.00781653302401083   20532.344322451198
0.007878323422256799   20618.2950380441
0.007940602279171548   20704.02271372706
0.0080033734560649   20789.51712760751
0.008066640844770656   20874.76798014279
0.008130408367887934   20959.76487084085
0.008194679979024348   21044.49701250433
0.008259459663041138   21128.95332416974
0.008324751436300218   21213.12263913195
0.008390559346913221   21296.993710486484
0.008456887474992462   21380.55521256837
0.008523739932903918   21463.795742436963
0.008591120865522169   21546.70382140418
0.008659034450487421   21629.267896609406
0.008727484898464501   21711.476342638503
0.008796476453403916   21793.31746318782
0.008866013392804996   21874.779492775233
0.00893610002798106   21955.850598474273
0.009006740704326778   22036.51872851235
0.009077939801587543   22116.77124195462
0.009149701734131042   22196.59531468047
0.009222030951220908   22275.97805141022
0.009294931937292633   22354.90648785566
0.009368409212231565   22433.367592925057
0.009442467331653163   22511.348270983282
0.00951711088718541   22588.835364167575
0.00959234450675355   22665.81565475687
0.009668172854866982   22742.27586759656
0.009744600632908483   22818.202672578875
0.009821632579425659   22893.582687176462
0.009899273470424784   22968.402463105238
0.00997752811966689   23042.648068681745
0.010056401378966217   23116.305042573447
0.010135898138491051   23189.358845466904
0.010216023327066864   23261.794887342214
0.010296781912481968   23333.598530601965
0.010378178901795486   23404.75509326494
0.01046021934164779   23475.249852224006
0.010542908318573387   23545.06804656939
0.010626250959316318   23614.194880974974
0.010710252431147989   23682.615529149138
0.010794917942187558   23750.315137348756
0.010880252741724817   23817.278827954626
0.010966262120545685   23883.491586868073
0.011052951411260215   23948.93770278734
0.011140325988633234   24013.601196927426
0.011228391269917539   24077.466070286384
0.011317152715189826   24140.51630822041
0.011406615827689183   24202.73588475586
0.01149678615415831   24264.108766974834
0.011587669285187374   24324.618919470613
0.011679270855560692   24384.250308872703
0.011771596544606055   24442.986908442737
0.011864652076546845   24500.812702736064
0.01195844322085696   24557.71169233091
0.012052975792618475   24613.667893226266
0.012148255652882247   24668.664878254855
0.01224428870903126   24722.68542037159
0.012341080915146898   24775.712232956914
0.012438638272378065   24827.728058798915
0.012536966829313326   24878.71567578449
0.012636072682355864   24928.65790266729
0.012735961976101499   24977.53760490856
0.012836640903719594   25025.3377005926
0.012938115707337109   25072.0411664121
0.013040392678425572   25117.631043722475
0.013143478158191176   25162.09044466338
0.01324737853796787   25205.40255834601
0.013352100259613732   25247.550583315275
0.013457649815910277   25288.51703633708
0.013564033750965054   25328.284065713335
0.01367125866061738   25366.833908304976
0.013779331192847242   25404.148902699617
0.013888258048187547   25440.211496401585
0.0139980459801395   25475.004253089555
0.014108701795591356   25508.509859934933
0.014220232355240406   25540.711134980895
0.0143326445740184   25571.59103457893
0.014445945421520235   25601.132660875523
0.014560141922436104   25629.319269353386
0.014675241156986964   25656.134276124707
0.014791250261363595   25681.560950994284
0.014908176428168999   25705.58182349531
0.015026026906864366   25728.179437475894
0.015144809004218492   25749.336524365175
0.015264530084760876   25769.036011737287
0.015385197571238272   25787.26103191671
0.015506818945074918   25803.994930620793
0.015629401746836406   25819.2212756354
0.01575295357669712   25832.923865517158
0.01587748209491157   25845.086738319198
0.01600299502228924   25855.69418033546
0.01612950014067333   25864.73073485668
0.01625700529342316   25872.18118672036
0.01638551838590057   25878.030083853533
0.016515047385959977   25882.261769784705
0.016645600324442414   25884.8608605002
0.0167771852956734   25885.8122732292
0.016909810457964868   25885.101235845017
0.017043484034120933   25882.713296251262
0.017178214311947725   25878.63433174738
0.017314009644767182   25872.850558368827
0.017450878451935065   25865.34854019268
0.01758882921936287   25856.115198603435
0.01772787050004401   25845.137821514032
0.017868010914584034   25832.404072531783
0.018009259151735207   25817.9019608696
0.018151623968935146   25801.619695844056
0.018295114192849796   25783.545830440515
0.018439738719920714   25763.669330335102
0.018585506516916584   25741.979582917455
0.018732426621489242   25718.466406200678
0.018880508142733975   25693.120057632965
0.019029760261754295   25665.931242800052
0.01918019223223112   25636.891124013193
0.01933181338099659   25605.991328774366
0.019484633108612304   25573.223958110677
0.019638660889952128   25538.58159477178
0.01979390627478964   25502.05731836869
0.019950378888390272   25463.64511108842
0.02010808843210804   25423.34007354006
0.02026704468398705   25381.13786390503
0.020427257499367673   25337.034652602546
0.0205887368114977   25291.027128687758
0.020751492632148105   25243.11250605774
0.020915535052233827   25193.28852945666
0.021080874242439415   25141.553480273742
0.02124752045384954   25087.906182129063
0.021415484018584667   25032.34600623809
0.021584775350441607   24974.87287655002
0.02175540494553917   24915.487274653773
0.02192738338296889   24854.190482952374
0.022100721325451024   24790.98641371649
0.022275429519995574   24725.880584425646
0.022451518798568652   24658.879058480416
0.022629000078763967   24589.988437525248
0.022807884364479863   24519.21586227004
0.02298818274660146   24446.569013055836
0.02316990640368836   24372.056110161167
0.023353066602667616   24295.68591384771
0.02353767469953241   24217.46772414107
0.023723742140046068   24137.41138034584
0.023911280460451698   24055.527260292853
0.02410030128818747   23971.826284110426
0.024290816342607442   23886.321667463122
0.024482837435708286   23799.03149606321
0.02467637647286155   23709.97496034964
0.024871445453551834   23619.171674358746
0.025068056472120685   23526.641668419972
0.02526622171851658   23432.405381672907
0.025465953479050615   23336.483654413292
0.025667264137158297   23238.897720267018
0.02587016617416724   23139.6691982007
0.026074672170071155   23038.8200843711
0.026280794804309716   22936.372743817203
0.02648854685655471   22832.349902001413
0.02669794120750235   22726.774977879508
0.026908990839671954   22619.677420851895
0.027121708838210808   22511.09159082204
0.0273361083917055   22401.052101897294
0.027552202792999508   22289.593662949635
0.027770005440017502   22176.75106178764
0.02798952983659594   22062.55914950091
0.028210789593320316   21947.052824983133
0.02843379842836906   21830.267019643004
0.02865857016836396   21712.23668230883
0.02888511874922758   21592.996764333828
0.029113458217047167   21472.582204910716
0.029343602728945595   21351.027916599072
0.029575566553958987   21228.371363299553
0.029809364073921558   21104.660743697383
0.0300450097843572   20979.94670768783
0.030282518295378223   20854.279430533144
0.03052190433259119   20727.708592640858
0.030763182738009976   20600.283360244175
0.031006368470975737   20472.05236696553
0.03125147660908474   20343.06369625916
0.031498522349122954   20213.36486472503
0.031747521008008324   20083.002806286997
0.03199848802374038   19952.02385722748
0.032251438956357466   19820.473742069884
0.03250638948890141   19688.39773185928
0.03276335542838991   19555.847335130828
0.033022352706796605   19422.882245001096
0.03328339738203867   19289.56166783713
0.03354650563897273   19155.943679489505
0.033811693790398105   19022.0852142621
0.03407897827806824   18888.04205546537
0.03434837567371016   18753.868827508784
0.034619902680051856   18619.618989489354
0.03489357613185791   18485.344830235317
0.03516941299697329   18351.097464760787
0.03544743037737513   18216.92683208595
0.035727645510233406   18082.88169438062
0.03601007576897942   17949.011824011493
0.036294738664383014   17815.38156952299
0.036581651845638254   17682.06051883467
0.03687083310145766   17549.116378754323
0.037162300361175155   17416.614954577883
0.037456071695857636   17284.620163880467
0.03775216531942548   17153.194052705432
0.03805059958978157   17022.396814030795
0.038351393009949844   16892.286808400502
0.03865456422922226   16762.92058660717
0.0389601320443151   16634.352914313735
0.03926811540053439   16506.63679850866
0.039578533392950505   16379.823487036305
0.039891405267582065   16253.95751884383
0.04020675042258929   16129.071287334906
0.040524588409476384   16005.19466805252
0.04084493893430416   15882.356443387189
0.04116782185891156   15760.584325839256
0.041493257202147145   15639.904981734357
0.041821265141110286   15520.344055353155
0.04215186601240212   15401.926193435023
0.0424850803133865   15284.67507002223
0.042820928703460735   15168.613411606848
0.04315943200533663   15053.76302254804
0.04350061120633118   14940.14481072792
0.04384448745966825   14827.780846157364
0.044191082085789736   14716.719593661914
0.04454041657367758   14607.027310222125
0.04489251258218605   14498.768461050515
0.04524739194138463   14392.00535657357
0.045605076653911426   14286.798229580647
0.04596558889633752   14183.205314788893
0.046328951020541506   14081.282930654901
0.046695185555095844   13981.08556327878
0.04706431520666333   13882.665952257052
0.04743636286140493   13786.07517835198
0.04781135158639882   13691.362752858788
0.048189304631070504   13598.573814995065
0.04857024542863426   13507.692299028278
0.048954197597546066   13418.646234096062
0.04934118494296801   13331.36328048657
0.04973123145824386   13245.772907572453
0.05012436132638718   13161.806323585255
0.05052059892158039   13079.39640887165
0.05091996881068597   12998.477652491918
0.051322495754769694   12918.986092028126
0.051728204710635786   12840.859256476106
0.052137120832374255   12764.036112102402
0.05254926947292055   12688.457530521271
0.0529646761856271   12614.079372560966
0.05338336672584814   12540.873114249833
0.053805367052536225   12468.811549249545
0.05423070332985176   12397.868032338569
0.05465940192878521   12328.016463675503
0.055091489428792106   12259.231273556039
0.05552699261944093   12191.48740764828
0.055965938502074264   12124.760312691953
0.05640835429148241   12059.025922646795
0.05685426741759134   11994.260244096818
0.05730370552716299   11930.410225158674
0.05775669648550941   11867.374847901305
0.05821326837822047   11805.050534866503
0.058673449512905165   11743.335820379041
0.05913726842094668   11682.131296535152
0.059604753859271366   11621.339567719324
0.06007593481213176   11560.865213355517
0.06055084049290322   11500.61475860853
0.0610295003458958   11440.496652760337
0.06151194404817934   11380.418898629863
0.061998201511423635   11320.278533326291
0.0624883028837529   11259.9704188671
0.06298227855161499   11199.39174577724
0.06348015914166537   11138.442057022869
0.0639819755226661   11077.023277105613
0.06448775880739925   11015.03974987929
0.06499754035459657   10952.398284678005
0.0655113517708833   10889.008204452792
0.06602922491273788   10824.77772981755
0.06655119188846713   10759.607899553195
0.0670772850601969   10693.401159693556
0.06760753704587855   10626.063154094567
0.06814198072131131   10557.502829305966
0.06868064922218069   10487.632546698323
0.0692235759461124   10416.368201137597
0.06977079455474376   10343.629345473333
0.07032233897581028   10269.343363004173
0.07087824340524922   10193.460936065387
0.07143854230931983   10115.9419537918
0.07200327042674028   10036.749561702116
0.07257246277084138   9955.85024968234
0.07314615463173767   9873.213939760744
0.07372438157851478   9788.81407180219
0.0743071794614356   9702.6278037088
0.07489458441416243   9614.652175825564
0.07548663285599742   9524.919780783506
0.07608336149414063   9433.46901702095
0.07668480732596578   9340.340051275536
0.07729100764131422   9245.574785898789
0.07790200002480682   9149.216823005678
0.07851782235817444   9051.311425479076
0.07913851282260598   8951.915611145681
0.07976410990111656   8851.130482700833
0.08039465238093277   8749.067592444417
0.08103017935589782   8645.83689865175
0.08167073022889523   8541.54663113344
0.08231634471429188   8436.303165751086
0.08296706284040024   8330.21091998267
0.08362292495196044   8223.384509459345
0.08428397171264093   8115.9706624731
0.08495024410756055   8008.1175049288995
0.0856217834458291   7899.967949739931
0.08629863136310854   7791.659614201974
0.08698082982419461   7683.32475970822
0.08766842112561843   7575.092321865471
0.08836144789826907   7467.116702155907
0.08905995311003657   7359.568746035165
0.08976398006847626   7252.611255645906
0.09047357242349305   7146.398427451642
0.0911887741700488   7041.075976849544
0.09190962965088928   6936.782026460777
0.09263618355929379   6833.674617773015
0.09336848094184592   6731.938133044753
0.09410656720122662   6631.747825257419
0.09485048809902909   6533.267715720706
0.09560028975859626   6436.65105217944
0.0963560186678797   6342.040803651093
0.09711772168232294   6249.570188411145
0.09788544602776589   6159.364792677976
0.09865923930337293   6071.546028863111
0.09943914948458416   5986.227764433786
0.1002252249260898   5903.516098474173
0.10101751436482835   5823.510019826352
0.10181606692300814   5746.302078150796
0.10262093211115317   5671.978905422872
0.10343215983117206   5600.590298301898
0.10424980037945307   5532.114056543121
0.10507390444998176   5466.51985429571
0.10590452313748416   5403.778940609447
0.10674170794059486   5343.864249096068
0.10758551076504959   5286.750506747612
0.10843598392690382   5232.407282646781
0.10929318015577619   5180.72331456438
0.1101571525981172   5131.538842044102
0.11102795482050543   5084.700309291082
0.11190564081296787   5040.060773171621
0.11279026499232758   4997.479386358595
0.11368188220557747   4956.819660414613
0.1145805477332809   4917.910903094927
0.11548631729299903   4880.542345408988
0.11639924704274546   4844.507470818852
0.11731939358446801   4809.606165861285
0.11824681396755751   4775.644246236506
0.11918156569238592   4742.4322516903285
0.12012370671387064   4709.767847904802
0.12107329544506791   4677.43643002443
0.12203039076079444   4645.228440121752
0.12299505200127772   4612.940036058738
0.123967338975835   4580.373081252452
0.12494731196658186   4547.335057453808
0.1259350317321688   4513.638324400807
0.1269305595115495   4479.101030483653
0.12793395702777693   4443.547865637888
0.1289452864918304   4406.81044534171
0.12996461060647252   4368.7284717866105
0.13099199257013697   4329.175204282725
0.13202749608084668   4288.063389484213
0.13307118534016352   4245.314431924155
0.1341231250571677   4200.856667405881
0.1351833804524713   4154.6259175169525
0.13625201726226097   4106.599129860362
0.13732910174237384   4056.831627578614
0.13841470067240538   4005.391045477714
0.13950888135984985   3952.3473672326227
0.14061171164427325   3897.7729420141177
0.1417232599015195   3841.7755268185733
0.14284359504794997   3784.534032920974
0.14397278654471535   3726.2316983756104
0.14511090440206367   3667.0458474556935
0.14625801918368017   3607.1485120558873
0.14741420201106223   3546.7445031712027
0.14857952456792917   3486.079185400697
0.14975405910466658   3425.3877096405254
0.15093787844280576   3364.8913670809716
0.1521310559795392   3304.8034798953754
0.15333366569226986   3245.3705794409
0.15454578214319967   3186.8447354027808
0.15576748048395112   3129.45983213979
0.15699883646022714   3073.4322329930096
0.1582399264165072   3018.9645348770327
0.15949082730078076   2966.248382639699
0.16075161666931814   2915.4610512333525
0.16202237269147896   2866.766310694227
0.16330317415455886   2820.2993099711844
0.1645941004686734   2776.1162184006366
0.16589523167168313   2734.251103867768
0.16720664843415473   2694.7360785278743
0.16852843206436302   2657.5884545872323
0.1698606645133321   2622.727643523068
0.17120342837991628   2590.035569579078
0.17255680691592123   2559.401350510344
0.17392088403126602   2530.7125764569714
0.1752957442991842   2503.7937531267917
0.17668147296146935   2478.443619628958
0.17807815593375872   2454.4699479329893
0.1794858798108605   2431.6826106195363
0.18090473187212264   2409.859212998275
0.1823348000868441   2388.7698371449897
0.1837761731197292   2368.1926470160715
0.18522894033638473   2347.9071164278307
0.1866931918088609   2327.6780684475834
0.18816901832123475   2307.2734928648315
0.18965651137524042   2286.4698291135855
0.19115576319594135   2265.0621590380492
0.19266686673744834   2242.8690999225896
0.1941899156886829   2219.7191130885262
0.19572500447918584   2195.4579515056603
0.19727222828497196   2170.007240269305
0.19883168303443147   2143.328538410777
0.20040346541427606   2115.390280343148
0.2019876728755357   2086.2109871150433
0.20358440363959912   2055.891685882801
0.20519375670430404   2024.5410095965658
0.2068158318500749   1992.277230969235
0.20845072964610958   1959.2792813464773
0.21009855145661435   1925.7409485861256
0.21175939944708877   1891.8484911712303
0.21343337659066025   1857.8105604676684
0.21512058667446693   1823.8494881983454
0.21682113430609468   1790.1738511755623
0.21853512492006147   1756.9892366670106
0.2202626647843547   1724.5031116350297
0.2220038610070197   1692.908550468382
0.2237588215428005   1662.3745329077549
0.22552765519983323   1633.0371032161463
0.22731047164639254   1605.0192517798987
0.22910738141768938   1578.4119982291186
0.2309184959227268   1553.2403280547835
0.23274392745120565   1529.5179480342663
0.23458378918048692   1507.2324171813352
0.23643819518260897   1486.306772250436
0.23830726043135975   1466.6584336895962
0.24019110080940545   1448.1859696631093
0.24208983311547524   1430.743759162653
0.24400357507160314   1414.1869288451599
0.24593244533042516   1398.351920587249
0.24787656348253836   1383.0458861829707
0.2498360500639139   1368.0805919520774
0.25181102656337073   1353.2600133610492
0.25380161543010754   1338.383247313831
0.25580794008129537   1323.2622344663455
0.25783012490972884   1307.7473118340934
0.2598682952915395   1291.7088845965975
0.2619225775939669   1275.0515155551345
0.26399309918319674   1257.7538642824686
0.266079988432255   1239.8109453878496
0.26818337472896836   1221.2650737699075
0.2703033884839858   1202.1997649317977
0.2724401611388642   1182.7040957319666
0.2745938251742178   1162.8932245578344
0.27676451411793224   1142.8854304678302
0.27895236255344336   1122.8067562754047
0.2811575061280798   1102.7921862568794
0.28338008156147615   1082.9736566903246
0.28562022665404735   1063.495218925065
0.2878780802955332   1044.4960998327927
0.2901537824736094   1026.1004904763522
0.2924474742825668   1008.4191157678505
0.29475929793205935   991.5353740288527
0.29708939675592155   975.4802208447658
0.2994379152210535   960.267025984537
0.3018049989363805   945.8523853771021
0.30419079466187904   932.1714723176736
0.3065954503176765   919.1378453028736
0.30901911499322215   906.6471446981518
0.3114619389565309   894.5938861809756
0.31392407366349984   882.8678074348059
0.316405671767299   871.3610519795877
0.318906887127834   859.9644407039406
0.3214278748212883   848.5736472307925
0.3239687911497365   837.093136997116
0.3265297936508345   825.437047983294
0.3291110411075882   813.5510875131216
0.3317126935581971   801.4011151059802
0.3343349123059772   788.9951137052648
0.33697785992936197   776.3687791088188
0.3396417002919822   763.5848126806202
0.34232659855282405   750.7247161308794
0.345032721176472   737.8741219704852
0.3477602359434274   725.1202211752528
0.3505093119605119   712.5429791280945
0.3532801196713513   700.2151338211066
0.35607283086694413   688.1998130515037
0.3588876186963121   676.5511926652094
0.361724657677236   665.308119033949
0.3645841237070736   654.4962601181788
0.3674661940736692   644.1149185641722
0.37037104746634275   634.1457987897923
0.37329886398696926   624.5439310773596
0.3762498251611455   615.2528390371982
0.3792241139494444   606.2056266490338
0.3822219147587586   597.3362314121323
0.385243413453734   588.5837678378458
0.3882887973682938   579.8940612345566
0.39135825531725077   571.2208551070569
0.39445197760801803   562.5267846278132
0.397570156052405   553.7840458417462
0.40071298397851085   544.9839070691023
0.40388065624271086   536.1335790980484
0.4070733692417375   527.2643750926513
0.4102913209248571   518.4186671848897
0.41353471080614346   509.6468725571914
0.4168037399768449   500.9928476474942
0.4200986111178567   492.4929616500195
0.4234195285122837   484.1733585318297
0.4267666980581074   476.05563367308787
0.43014032728095125   468.1578935611663
0.43354062534694776   460.4919497945812
0.43696780307570615   453.0591044720025
0.44042207295338387   445.84251036345063
0.44390364914586145   438.81082520624255
0.44741274751201754   431.9247162736121
0.45094958561711707   425.14735045204236
0.4545143827462973   418.45116917656526
0.4581073599181642   411.817994121343
0.46172873989849567   405.23423993219626
0.4653787472140533   398.6876228655849
0.46905760816650294   392.1681833219309
0.47276555084644634   385.6751189042972
0.4765028051475593   379.22061659450594
0.4802696027808509   372.8281574732339
0.4840661772890251   366.52560595238947
0.4878927640609626   360.3344769997381
0.49174960034631415   354.26709154518045
0.4956369252702103   348.32669017609305
0.4995549798480875   342.51439782387973
0.5035040070006308   336.8312976011756
0.5074842515688363   331.27719918920246
0.5114959603291871   325.8452094475986
0.5155393820089597   320.5196017703635
0.5196147673016414   315.2799539664459
0.5237223688824737   310.1077421865602
0.5278624414241189   304.9934393081153
0.5320352416124496   299.93493129908825
0.5362410281624634   294.9327979873078
0.5404800618343243   289.98665887575095
0.5447526054495258   285.0958140968872
0.5490589239071919   280.2647774950992
0.5533992842004974   275.50432374289744
0.5577739554332222   270.8269697465483
0.5621832088364354   266.239831831995
0.5666273177853125   261.74110108093333
0.5711065578160843   257.32583989504633
0.5756212066431206   252.99146749143466
0.5801715441761488   248.73755299801067
0.5847578525376055   244.5611896405964
0.5893804160801331   240.45358616343944
0.5940395214042068   236.40395024738524
0.5987354573759038   232.40705052434834
0.6034685151448143   228.464319486516
0.6082389881620918   224.57876839167588
0.6130471721986476   220.7500880339639
0.6178933653634902   216.97609686292185
0.6227778681222031   213.2584459200651
0.6277009833155809   209.6034034679653
0.6326630161784005   206.01552512988786
0.6376642743583474   202.49192454712485
0.6427050679350899   199.02952114611418
0.6477857094395038   195.6260492117039
0.6529065138730499   192.27934480219417
0.6580677987273038   188.98734059087994
0.6632698840036418   185.74812201758203
0.6685130922330766   182.5605293220967
0.6737977484962611   179.42385748506968
0.6791241804436384   176.33741457345852
0.6844927183157584   173.3005147215082
0.6899036949637524   170.31247816985115
0.6953574458699696   167.3726313013105
0.7008543091687774   164.48030667349803
0.7063946256675276   161.63484304829177
0.7119787388676803   158.83558541826096
0.71760699498611   156.0818850301042
0.7232797429765653   153.37309940521243
0.7289973345513056   150.70859235739306
0.7347601242029075   148.0877340078501
0.7405684692262436   145.5099007974981
0.7464227297406343   142.9744754966579
0.7523232687121771   140.48084721224654
0.7582704519762454   138.02841139248486
0.7642646482601781   135.61656982923276
0.7703062292061357   133.2447306579988
0.7763955693941431   130.91230835570275
0.7825330463653148   128.61872373624666
0.7887190406452614   126.3634039439826
0.7949539357676826   124.1457824451117
0.8012381182981468   121.96529901710977
0.8075719778580595   119.82139973622233
0.8139559071488142   117.71353696309833
0.8203903019761487   115.64116862303413
0.8268755612746791   113.6037425731712
0.8334120871326361   111.6006977626864
0.8400002848167937   109.63148093630213
0.8466405627975965   107.69554728253328
0.8533333327744846   105.7923603123001
0.8600790097014213   103.92139173917248
0.8668780118126129   102.08212136122366
0.8737307606484503   100.27403694446623
0.8806376810816372   98.49663410786387
0.8875992013435345   96.74941620989279
0.8946157530507105   95.03189423662778
0.9016877712317015   93.34358669134568
0.9088156943539833   91.6840194856181
0.9159999643511572   90.05272583187873
0.9232410266503505   88.44924613744685
0.9305393301998275   86.87312789998758
0.9378953274968337   85.32392560439006
0.945309474615645   83.80120062105053
0.9527822312358449   82.30452110553546
0.9603140606708259   80.83346189961387
0.9679054298965143   79.38760443363859
0.9755568095803236   77.96653663025816
0.9832686741103372   76.56985280944569
0.9910415016247136   75.19715359482957
0.9988757740413422   73.8480458212969
1.0067719770877146   72.52214244387748
1.0147306003310423   71.21906244786453
1.0227521372086097   69.93843102434163
1.0308370850583672   68.67988208205259
1.0389859451497672   67.44305683784185
1.047199222714841   66.22760187449511
1.0554774269795282   65.03316904356758
1.0638210711952383   63.85941539721835
1.072230672670686   62.706003120704864
1.0807067528039558   61.572599465537735
1.089249837114831   60.45887668329632
1.0978604552773759   59.3645119600967
1.1065391411527772   58.28918735171553
1.115286432822441   57.23258971936832
1.1241028726213584   56.19441066613282
1.1329890071717206   55.17434647402628
1.1419453874168235   54.172098041723416
1.150972568655217   53.18737082291779
1.1600711105751356   52.21987476532772
1.1692415772892006   51.2693242503326
1.178484537369394   50.33543803325196
1.1878005638823104   49.41793918425045
1.1971902344246876   48.516555029873885
1.2066541311592203   47.63101709521381
1.2161928408506448   46.76106104669146
1.225806954902132   45.9064266354627
1.2354970693919467   45.06685764144066
1.2452637851104051   44.24210181793022
1.2551077075971258   43.4319108368738
1.2650294471785721   42.63604023470208
1.2750296190058936   41.85424924058938
1.2851088430930673   41.08630015065935
1.2952677443553293   40.33195877014642
1.3055069526479346   39.59099463359905
1.3158271028051975   38.86318095077777
1.3262288346798556   38.148294552789416
1.33671279318274   37.44611583891142
1.34727962832276   36.75642872410796
1.3579299952472035   36.07902058722002
1.3686645542823568   35.41368221983284
1.3794839709744484   34.76020777580352
1.3903889161309013   34.1183947214521
1.4013800658619395   33.4880437864019
1.4124581016224973   32.86895891506488
1.4236237102544704   32.2609472187656
1.4348775840293029   31.663818928497374
1.4462204206909064   31.07738734830165
1.457652923498921   30.501468809268268
1.4691758012723208   29.935882624142756
1.4807897684333495   29.380451042544035
1.4924955450518305   28.834999206775954
1.5042938568898028   28.299355108233993
1.516185435446518   27.7733495443949
1.528171018003797   27.256816076387572
1.5402513476717383   26.749590987135484
1.552427173434794   26.25151324006522
1.5646992501982053   25.762424438375497
1.57706833883481   25.282168784861224
1.5895352062322063   24.810593044755244
1.6021006253403158   24.347546512340724
1.6147653752192972   23.892880965189818
1.6275302410878487   23.44645062427943
1.6403960143718939   23.00811211653248
1.6533634927536496   22.577724437874373
1.666433480221082   22.15514891679828
1.6796067871177582   21.740249178436297
1.692884230193075   21.332891109128045
1.7062666326529161   20.932942821480577
1.7197548242106782   20.540274619916456
1.733349641138718   20.154758966702172
1.7470519263202   19.776270448451797
1.7608625293013564   19.404685743100735
1.7747823063441592   19.03988358734311
1.788812120479411   18.681744744527624
1.8029528415602416   18.330151973008622
1.8172053463160578   17.984989994941532
1.8315705184068878   17.6461454655236
1.8460492484781728   17.313506942670347
1.8606424342159855   16.986964857124075
1.8753509804026889   16.666411482988607
1.8901757989730312   16.351740908686125
1.9051178090706877   16.04284900832931
1.9201779371052505   15.739633413504693
1.9353571168096528   15.441993485462879
1.9506562892980814   15.149830287708603
1.9660764031243114   14.863046558801141
1.9816184143405213   14.581546660276496
1.997283286556569   14.305236527113319
2.0130719909997343   14.03402369052278
2.0289855065749363   13.767817258684742
2.0450248199254304   13.506527891364211
2.061190925493963   13.250067774905819
2.0774848255844534   12.99835059759896
2.0939075304241177   12.751291525411368
2.1104600582261113   12.508807178084513
2.1271434352526546   12.270815605586456
2.1439586958786654   12.037236264918027
2.1609068826558864   11.807989997266075
2.177989046377527   11.582999005501739
2.1952062461434148   11.36218683201573
2.2125595494256465   11.145478336889544
2.2300500321347925   10.932799676395302
2.2476787786865904   10.724078281821583
2.265446882069181   10.519242838620155
2.283355443910875   10.31822326586889
2.301405574548455   10.120950696047636
2.3195983930960153   9.92735745512132
2.3379350275143524   9.737377042927813
2.3564166146808816   9.55094411386473
2.3750443004601505   9.36799445787209
2.3938192397748628   9.188464981706444
2.412742596677493   9.012293690502599
2.431815544422453   8.839419669618595
2.4510392655388387   8.66978306641163
2.4704149519037433   8.503325061200155
2.489943804816156   8.339987848402648
2.5096270350714494   8.179714633924315
2.529465863036427   8.022449619194083
2.5494615187250154   7.868137984536163
2.5696152418745095   7.716725872803076
2.5899282820224374   7.5681603732642575
2.610401898584035   7.422389505748721
2.6310373609303297   7.27936220503605
2.6518359484668395   7.1390283054940475
2.672798950712904   7.001338525958251
2.6939276673816166   6.866244454850035
2.7152234084604316   6.733698535530424
2.7366874942923696   6.603654051885447
2.758321255657881   6.47606511414035
2.780126033857355   6.3508866448986625
2.8021031807942824   6.228074365403458
2.8242540590590726   6.107584782017267
2.8465800420135343   5.989375172917292
2.869082513876031   5.873403575003226
2.891762869807282   5.759628771014138
2.9146225159968933   5.648010276851524
2.93766286975052   5.538508329105414
2.9608853595777482   5.431083872780721
2.9842914252806585   5.3256985492206335
3.007882518043099   5.2223146842244565
3.0316601005206567   5.120895276356346
3.0556256469313476   5.021403984884215
3.0797806431469974   4.923805111061607
3.1041265867853998   4.828063589672758
3.1286649873031465   4.7341449843105385
3.1533973660892185   4.642015476703748
3.1783252565593165   4.551641856064778
3.203450204250927   4.462991508611448
3.228773766919153   4.376032407260286
3.25429751463329   4.290733101488713
3.2800230298741786   4.207062707363562
3.305951907632297   4.124990897733262
3.3320857555066845   4.044487892581294
3.3584261938045867   3.965524449538553
3.384974855641929   3.8880718545517317
3.411733387044561   3.812101912706002
3.438703447050318   3.7375869391989434
3.465886707811877   3.6644997504639347
3.4932848547004403   3.5928136554402275
3.520899586410202   3.522502446987936
3.548732615063706   3.453540393445094
3.5767856663179725   3.385902230325176
3.605060479471497   3.319563152152556
3.633558807572086   3.2544988044337124
3.662282417525546   3.1906852757622977
3.6912330902052344   3.128099090055903
3.7204126205624726   3.0667171989222908
3.7498228177378405   3.0065169741532176
3.7794655051733184   2.947476200344067
3.809342520725378   2.889573066660835
3.8394557167789074   2.832786153490692
3.869806960362063   2.777094429991043
3.900398133262027   2.7224772506710937
3.9312311321416793   2.668914348585921
3.9623078686571915   2.6163858286281387
3.9936302695765558   2.564872160933402
4.025200276899018   2.514354174398149
4.057019847975525   2.464813050307472
4.089090955630051   2.4162303160715424
4.121415588281923   2.368587839068858
4.1539957500690985   2.321867820594393
4.186833460972433   2.276052789911234
4.219930756940907   2.2311255984036893
4.253289690017862   2.187069413830645
4.2869123284682376   2.1438677146770506
4.320800756906769   2.101504284602488
4.354957076427281   2.0599632069846536
4.38938340473293   2.019228859556767
4.424081876267504   1.9792859091369814
4.459054642347762   1.9401193064484785
4.494303871296816   1.9017142810287428
4.5298317485785695   1.864056336226499
4.565640476933221   1.8271312442849377
4.601732276513806   1.7909250415098155
4.638109385023892   1.7554240235209975
4.67477405785629   1.720614740586024
4.711728568232893   1.6864839930346156
4.748975207345617   1.6530188266707329
4.786516284498457   1.6202065280896525
4.8243541272506665   1.5880346206064921
4.862491081561071   1.5564908600760687
4.900929511933486   1.5255632306895883
4.939671801563373   1.4952399408443684
4.978720352485552   1.4655094190856164
5.018077585723151   1.436360310118877
5.057745941437703   1.407781470892038
5.097727879080437   1.3797619667457857
5.138025877544765   1.3522910676312967
5.178642435319976   1.3253582443940721
5.219580070646152   1.2989531651228559
5.260841321670261   1.2730656915624368
5.302428746603579   1.2476858755894384
5.344344923880265   1.2228039557498098
5.386592452317231   1.1984103538572841
5.429173951275272   1.174495671651448
5.472092060821467   1.151050687514728
5.515349441892859   1.12806635324704
5.558948776461453   1.1055337908973808
5.602892767700454   1.0834442896512015
5.647184140151923   1.0617893027726832
5.691825639895662   1.040560444601083
5.736820034719482   1.0197494876001103
5.782170114290806   0.9993483594594673
5.827878690329629   0.9793491402477646
5.873948596782846   0.9597440596130332
5.9203826899999585   0.9405254930599259
5.96718384891018   0.9216859579276041
6.014354975200884   0.9032181129511635
6.061898993497578   0.8851147560294504
6.109818851545188   0.8673688216539678
6.158117520390827   0.849973378383793
6.2067979945680065   0.832921626365742
6.255863292282291   0.81620689489905
6.305316455598438   0.7998226400437269
6.355160550629007   0.7837624422718772
6.405398667724423   0.7680200041612525
6.45603392166464   0.7525891481302408
6.507069451852224   0.7374638142136466
6.558508422506993   0.7226380578785195
6.6103540228622135   0.7081060478793567
6.6626094673623255   0.6938620641519462
6.7152779958622455   0.6799004957452353
6.768362873828233   0.6662158387905521
6.821867392540363   0.6528026945074957
6.875794869296543   0.6396557672459003
6.930148647618255   0.6267698625632019
6.984932097457806   0.6141398853366217
7.040148615407282   0.6017608379095714
7.095801624909135   0.5896278182715973
7.151894576468437   0.5777360182714125
7.208430947866816   0.5660807218623087
7.265414244378087   0.5546573033794484
7.322847998985537   0.5434612258433293
7.380735772601036   0.5324880390302401
7.439081154285776   0.5217333777372397
7.497887761472798   0.5111929605818584
7.5571592401912815   0.5008625884625216
7.6168992652925915   0.4907381430129159
7.677111540678125   0.48081558508461014
7.737799799528954   0.47109095325744216
7.798967804537298   0.4615603623771381
7.860619348139755   0.45222000211975344
7.922758252752518   0.44306613558239083
7.985388371008312   0.43409509789976153
8.048513585995268   0.42530329488613944
8.112137811497684   0.4166872017022318
8.17626499223867   0.4082433615465506
8.240899104124729   0.3999683843708163
8.306044154492282   0.39185894561899576
8.371704182356059   0.383911784989552
8.437883258659607   0.3761237052204605
8.50458548652764   0.36849157089661927
8.571815001520438   0.3610123072792457
8.639575971890256   0.35368289915685647
8.707872598839769   0.34650038971744684
8.776709116782525   0.3394618794415097
8.8460897936055   0.3325645250154917
8.916018930933719   0.32580553826533726
8.986500864396888   0.3191821851097704
9.057539963898305   0.3126917845329306
9.129140633885736   0.30633170756340755
9.2013073136245   0.30009937605329284
9.274044477472708   0.2939922617515529
9.347356635158675   0.28800788557980206
9.421248332060532   0.282143816703437
9.49572414948804   0.2763976716115471
9.570788704966585   0.2707671132139658
9.64644665252355   0.2652498499551325
9.722702682976815   0.25984363494449325
9.799561524225593   0.2545462651031069
9.877027941543572   0.249355580326188
9.955106737874349   0.2442694626612813
10.033802754129232   0.23928583550179358
10.113120869487364   0.23440266279559546
10.193066001698261   0.22961794826842638
10.273643107386635   0.22492973466183552
10.354857182359817   0.2203361029853792
10.43671326191743   0.21583517178283437
10.519216421163593   0.21142509641215812
10.602371775321581   0.20710406833894943
10.68618448005097   0.20287031444316833
10.77065973176729   0.1987220963388625
10.855802767964223   0.19465770970667032
10.941618867538251   0.19067548363887057
11.028113351116072   0.1867737799967329
11.115291581384394   0.18295099277996343
11.203158963422442   0.17920554750801515
11.291720945037097   0.17553590061303892
11.380983017100624   0.17194053882803487
11.470950713891138   0.1684179784659244
11.561629613435745   0.164966764928133
11.65302533785629   0.16158547223209233
11.745143553718062   0.15827270245926886
11.837989972381042   0.15502708521266462
11.931570350354018   0.1518472770845842
12.025890489651514   0.14873196113447973
12.120956238153488   0.14567984637669704
12.216773489967919   0.14268966727792656
12.313348185796245   0.1397601832641854
12.410686313301703   0.13689017823716473
12.508793907480486   0.13407846009974436
12.607677051036038   0.13132386029052845
12.7073418747561   0.128625233327224
12.807794557892842   0.12598145635870245
12.909041328545987   0.1233914287255695
13.011088464048937   0.12085407152911319
13.113942291357988   0.11836832720844219
13.21760918744462   0.11593315912568741
13.32209557969077   0.11354755115910477
13.427407946287483   0.11121050730392819
13.53355281663647   0.10892105128084296
13.64053677175494   0.10667822615192644
13.748366444683647   0.10448109394391743
13.857048520898122   0.10232873527868092
13.96658973872319   0.1002202490107351
14.076996889750738   0.09815475187170274
14.18827681926082   0.09613137809774124
14.300436426645977   0.09414927898850836
14.413482665839142   0.09220762266589724
14.527422545744693   0.09030559378831456
14.642263130673028   0.08844239322713479
14.758011540778549   0.08661723774935254
14.874674952501127   0.08482935970633135
14.992260599011038   0.08307800672853718
15.110775770657444   0.08136244142614858
15.230227815420296   0.07968194109542506
15.350624139366072   0.07803579743072984
15.47197220710684   0.07642331624210101
15.594279542263102   0.0748438171782625
15.717553727930262   0.07329663345497696
15.841802407148773   0.07178111158863683
15.967033283378013   0.07029661113499178
16.093254120973903   0.06884250443292388
16.220472745670317   0.06741817635316522
16.348697045064192   0.06602302405187414
16.477934969104695   0.06465645672896636
16.608194530586047   0.06331789539112304
16.73948380564432   0.0620067726193816
16.87181093425817   0.06072253234121898
17.005184120753526   0.05946462960704966
17.139611634312246   0.05823253037104816
17.275101809484845   0.05702571127621881
17.411663046707126   0.055843659443629116
17.54930381282118   0.054685872265718964
17.68803264160022   0.053551857190345636
17.827858134277708   0.05244113149650928
17.96878896008063   0.05135322213517781
18.11083385676699   0.0502876655460529
18.25400163116756   0.049244007469931864
18.39830115973191   0.04822180276471998
18.54374138907876   0.04722061522502471
18.69033133655057   0.04624001740526281
18.838080090772806   0.04527959044621126
18.986996812217303   0.04433892390493938
19.13709073377024   0.043417615588055646
19.288371161304614   0.04251527138820544
19.440847474257172   0.04163150512375847
19.594529126209956   0.040765938381624144
19.74942564547647   0.03991820036313513
19.90554663569228   0.03908792773294103
20.062901776410662   0.03827476447085302
20.221500823702613   0.03747836172658286
20.38135361076173   0.036698377677323514
20.54247004851391   0.035934477388112826
20.704860126231797   0.0351863326749297
20.868533912154145   0.0344536219704691
21.033501554110053   0.03373603019254389
21.199773280148136   0.033033248615064986
21.36735939917056   0.03234497474154794
21.536270301572404   0.03167091218109826
21.706516459885716   0.03101077052682846
21.878108429428856   0.03036426523648591
22.051056848960926   0.02973111749955397
22.225372441341374   0.029111054111409452
22.40106601419483   0.028503807389204723
22.578148460581193   0.027909115064801423
22.75663075967088   0.02732672017662269
22.936523977425754   0.02675637096363504
23.11783926728506   0.026197820761418703
23.300587870856987   0.025650827900285913
23.484781118615654   0.025115155605406867
23.6704304306036   0.024590571898904887
23.857547317139826   0.02407684950388133
24.046143379533444   0.02357376575033589
24.236230310803   0.023081102482941474
24.427819896401285   0.022598645970641016
24.620924014946276   0.022126186818028536
24.81555463895746   0.02166351987848105
25.011723835598172   0.021210444169006644
25.20944376742375   0.02076676278677628
25.408726693135637   0.020332282827304395
25.609584968341416   0.01990681530424951
25.812031046320904   0.019490175070800076
26.016077478798085   0.019082180742616684
26.221736916719586   0.018682654622299406
26.42902211103886   0.01829142262535093
26.637945913506808   0.01790831420760656
26.84852127746856   0.01753316229410147
27.060761258666634   0.01716580320934865
27.27467901605034   0.0168060766084661
27.490287812591742   0.016453825396187838
27.707601016107734   0.01610889566115994
27.92663210008916   0.0157711366278917
28.14739464453597   0.015440400594424716
28.36990233679925   0.015116542870379649
28.59416897242981   0.01479942171623624
28.820208456033544   0.014488898283822623
29.048034802133515   0.014184836557989964
29.277662136038845   0.013887103299449375
29.50910469472056   0.013595567988747734
29.742376827694056   0.013310102771361165
29.977492997909106   0.01303058240388234
30.21446778264635   0.012756884201282214
30.45331587442115   0.012488887985223398
30.69405208189453   0.012226476033405287
30.936691330791295   0.011969533029920409
31.18124866482548   0.011717946016601956
31.427739246633056   0.01147160434534342
31.676178358711862   0.011230399631370683
31.92658140436941   0.010994225707447668
32.1789639086777   0.010762978578998023
32.43334151943583   0.010536556380123671
32.68973000814014   0.010314859330503443
32.94814527096209   0.010097789693153657
33.20860332973379   0.009885251733034329
33.4711203329414   0.009677151676483652
33.73571255672637   0.009473397671465015
34.00239640589432   0.009273899747761865
34.271188414932546   0.009078569769278897
34.542105249034876   0.008887321400967698
34.815163705135   0.008700070079552607
35.09038071294789   0.008516732977669446
35.36777333601943   0.008337228968583573
35.64735877278439   0.008161478591617994
35.92915435763277   0.007989404018276162
36.21317756198429   0.007820929019046775
36.499445995372014   0.007655978930876023
36.78797740653389   0.0074944806252949065
37.07878968451324   0.007336362477187885
37.37190085976789   0.007181554334190632
37.667329105288054   0.007029987486703735
37.96509273772307   0.006881594638511002
38.26521021851704   0.006736309877989315
38.56770015505354   0.006594068649899036
38.872581301808935   0.006454807727743058
39.179872561515666   0.006318465186682911
39.489592986333896   0.006184980377001604
39.80176177903283   0.006054293898101442
40.11639829418129   0.005926347573026616
40.433522039347714   0.005801084423500098
40.75315267630963   0.005678448645464339
41.07531002227277   0.005558385585115911
41.40001405109941   0.005440841715424331
41.72728489454728   0.005325764613124822
42.057142843517354   0.005213102936176505
42.389608349312034   0.005102806400053211
42.72470202490309   0.004994825747216091
43.0624446462097   0.004889112733168856
43.40285715338656   0.004785620110263676
43.745960652122186   0.004684301607290757
44.09177641494751   0.004585111909468728
44.44032588255455   0.00448800663884154
44.79163066512613   0.004392942335073493
45.145712543675444   0.004299876436634715
45.50259347139656   0.00420876726236892
45.862295575025534   0.004119573993435958
46.22484115621224   0.0040322566556214605
46.59025269290316   0.003946776102006246
46.95855284073497   0.003863093995988275
47.329764434439014   0.0037811727946500265
47.703910489257474   0.0037009757324641367
48.081014202370014   0.00362246680533097
48.461098954332094   0.0035456107549408085
48.844188310524565   0.003470373053454604
49.23030602261474   0.003396719888496582
49.61947603002903   0.0033246181484525568
50.011722461437124   0.0032540354080677356
50.40706963624815   0.00318493991433784
50.80554206611807   0.003117300572688034
51.20716445646996   0.0030510869334331196
51.611961708025426   0.002986269178514146
52.0199589183485   0.0029228181085052957
52.43118138340172   0.002860705129885706
52.84565459911451   0.0027999022415495763
53.26340426296391   0.0027403820198893913
53.684456275567904   0.0026821176100727657
54.108836742290926   0.0026250827152645775
54.53657197486296   0.002569251585120808
54.96768849301048   0.002514599004517983
55.40221302610082   0.0024611002825132722
55.84017251479933   0.0024087312415305064
56.28159411273976   0.002357468206767608
56.72650518820781   0.0023072879958209616
57.17493332583791   0.002258167908522142
57.626906328323635   0.0022100857169829943
58.08245221814106   0.002163019655844488
58.54159923928674   0.002116948412725411
59.00437585902848   0.0020718511188668547
59.47081076967041   0.002027707339968346
59.94093289033191   0.001984497067211893
60.41477136874059   0.0019422007084700461
60.89235558303949   0.0019007990796942266
61.37371514360862   0.001860273396479674
61.85887989490041   0.0018206052658034423
62.34787991729066   0.001781776677931838
62.84074552894318   0.0017437699984939616
63.33750728768958   0.0017065679607178679
63.83819599292391   0.0016701536578261403
64.34284268751216   0.0016345105355875151
64.85147865971702   0.0015996223850214435
65.36413544513779   0.001565473335226216
65.88084482866523   0.001532047841050743
66.40163884645284   0.0014993306704029334
66.92654978790267   0.0014673069086227476
67.45561019766747   0.0014359619534968686
67.98885287766832   0.0014052815087377492
68.52631088912851   0.0013752515775984264
69.06801755462322   0.0013458584566202923
69.61400646014567   0.0013170887295110548
70.16431145718944   0.0012889292611502014
70.71896666484687   0.0012613671917192722
71.2780064719252   0.0012343899309543646
71.8414655390781   0.0012079851525183278
72.40937880095488   0.0011821407884901904
72.98178146836644   0.0011568450239693056
73.55870903046822   0.0011320862917918947
74.1401972569607   0.0011078532673576297
74.72628220030718   0.0010841348635639578
75.31700019796855   0.0010609202258459278
75.91238787465697   0.0010381987273193438
76.51248214460617   0.0010159599640250574
77.11732021386015   0.0009941937502723555
77.72693958258014   0.0009728901140792971
78.34137804736943   0.0009520392927080805
78.9606737036169   0.0009316317282933762
79.58486494785897   0.0009116580635617615
80.2139904801602   0.0008921091376402846
80.84808930651228   0.0008729759819524197
81.48720074125316   0.0008542498163460483
82.13136440950407   0.0008359220510366008
82.7806202496264   0.0008179842841449973
83.43500851569785   0.00080042828987283
84.09456978000827   0.000783246014277513
84.75934493557511   0.0007664295717184056
85.42937519867894   0.0007499712413756094
86.10470211141833   0.0007338634638400262
86.7853675442863   0.000718098837773115
87.47141369876573   0.0007026701166350899
88.1628831099461   0.0006875702054800472
88.85981864916053   0.0006727921578167546
89.56226352664392   0.0006583291725337162
90.27026129421199   0.0006441745908872379
90.98385584796146   0.0006303218935512321
91.70309143099168   0.0006167646977274712
92.42801263614766   0.0006034967543151042
93.15866440878489   0.0005905119451382137
93.89509204955596   0.0005778042802302471
94.63734121721949   0.0005653678951741486
95.38545793146974   0.0005531970484971169
96.13948857579182   0.0005412861191187951
96.89947990033608   0.0005296296038518827
97.66547902481706   0.0005182221149540836
98.43753344143491   0.0005070583777303281
99.21569101781984   0.0004961332281842714
100.00000000000007   0.0004854416107180614
