# Cosmological parameters
# z 0.0
# name demnunii
# H0 70.0
# Omega_k 0.0
# Omega_b 0.05000000000000001
# Omega_c 0.27
# Omega_m 0.32
# Omega_de 0.6799146242997068
# Omega_nu 0.0
# N_eff 3.046
# mass_neutrinos 0.0
# n_s 0.96
# A_s 2.21265e-09
# H_z 70.0
# D_A 0.0
# D_M 0.0
# D_H 4282.7494
# D_V 0.0
# r_drag 141.7768569643918
# DM_rd 0.0
# DH_rd 30.207676285810457
# DV_rd 0.0
# sigma8 0.8887736791807884
# fsigma8 0.4726418817859846
# f 0.5317910429364132
# 
# k[h/Mpc]  P_lin(k)
1.05e-05    2.9470368855502957e-22
1.0582751204153106e-05    51.83120187462398
1.0666154576095624e-05    52.22328462864108
1.0750215255605631e-05    52.61833331895148
1.0834938422968154e-05    53.01637036991731
1.092032929929438e-05    53.417418375266855
1.1006393146843435e-05    53.82150009937261
1.1093135269346655e-05    54.228638478537775
1.118056101233444e-05    54.63885662229328
1.1268675763465675e-05    55.052177814703114
1.1357484952859742e-05    55.468625515682334
1.1446994053431166e-05    55.888223362319344
1.153720858122687e-05    56.31099517021638
1.1628134095766115e-05    56.73696493483216
1.1719776200383111e-05    57.166156834101244
1.1812140542572315e-05    57.598595242507855
1.1905232814336468e-05    58.034304727624296
1.1999058752537366e-05    58.473310043228246
1.2093624139249399e-05    58.915636130587394
1.2188934802115873e-05    59.36130811988124
1.2284996614708141e-05    59.81035133163499
1.2381815496887565e-05    60.26279127816301
1.247939741517033e-05    60.718653665023126
1.2577748383095143e-05    61.17796439248296
1.2676874461593802e-05    61.640749556995345
1.2776781759364725e-05    62.10703545268849
1.287747643324938e-05    62.57684857286371
1.2978964688611728e-05    63.05021560992454
1.3081252779720611e-05    63.52716345091553
1.3184347010135188e-05    64.00771918411598
1.328825373309339e-05    64.49191010274238
1.3392979351903437e-05    64.9797637064979
1.3498530320338459e-05    65.4713077031378
1.3604913143034196e-05    65.96657001003956
1.3712134375889864e-05    66.46557875579306
1.3820200626472158e-05    66.96836228179727
1.3929118554422455e-05    67.47494914386769
1.4038894871867203e-05    67.98536811386424
1.4149536343831574e-05    68.49964818132048
1.4261049788656358e-05    69.01781855506498
1.4373442078418141e-05    69.5399086589835
1.4486720139352811e-05    70.06594812641484
1.4600890952282385e-05    70.59596681272639
1.4715961553045204e-05    71.12999479868151
1.483193903292952e-05    71.6680623921387
1.494883053911051e-05    72.21020012976201
1.5066643275090714e-05    72.75643877874435
1.5185384501143958e-05    73.30680933854545
1.5305061534762776e-05    73.86134304264064
1.542568175110935e-05    74.42007136028475
1.554725258347001e-05    74.98302599828843
1.566978152371331e-05    75.55023890280697
1.579327612275173e-05    76.1217422617673
1.591774399100699e-05    76.69756852274334
1.6043192798879057e-05    77.27775039677599
1.616963027721884e-05    77.86232084353736
1.6297064217804594e-05    78.45131307232766
1.6425502473822102e-05    79.04476054396781
1.6554952960348637e-05    79.6426969727066
1.6685423654840725e-05    80.24515632814241
1.6816922597625754e-05    80.85217283716176
1.6949457892397484e-05    81.46378098588872
1.708303770671541e-05    82.08001552165038
1.7217670272508142e-05    82.70091145496164
1.735336388658064e-05    83.32650406151531
1.749012691112555e-05    83.95682888360588
1.7627967774238534e-05    84.59192172720846
1.7766894970437622e-05    85.23181866637012
1.7906917061186715e-05    85.87655604814915
1.8048042675423193e-05    86.52617049470771
1.8190280510089664e-05    87.18069890539942
1.8333639330669926e-05    87.84017845886578
1.8478127971729135e-05    88.50464661515124
1.862375533745826e-05    89.17414111783734
1.877053040222279e-05    89.84869999618623
1.891846221111578e-05    90.5283615673085
1.9067559880515297e-05    91.2131644383388
1.9217832598646165e-05    91.90314750863561
1.9369289626146244e-05    92.59834996235226
1.952194029663709e-05    93.29881124058521
1.9675794017299166e-05    94.00457107177358
1.9830860269451546e-05    94.7156694837108
1.9987148609136224e-05    95.43214680578915
2.0144668667707002e-05    96.15404367126706
2.0303430152423015e-05    96.8814010195448
2.046344284704697e-05    97.61426009846565
2.0624716612448056e-05    98.35266246662817
2.0787261387209646e-05    99.09664999572041
2.095108718824174e-05    99.84626487286683
2.1116204111398287e-05    100.6015496029968
2.1282622332099337e-05    101.36254701156186
2.1450352105958102e-05    102.12930028453033
2.1619403769412976e-05    102.90185300670719
2.1789787740364513e-05    103.68024910192885
2.1961514518817446e-05    104.46453282762594
2.2134594687527743e-05    105.25474877737236
2.2309038912654782e-05    106.05094188344238
2.2484857944418657e-05    106.85315741940057
2.2662062617762677e-05    107.66144100270078
2.2840663853021055e-05    108.47583859731171
2.3020672656591902e-05    109.29639651635699
2.320210012161547e-05    110.12316142478312
2.3384957428657818e-05    110.95618034204138
2.356925584639978e-05    111.79550064207297
2.3755006732331424e-05    112.64117000122725
2.3942221533451955e-05    113.49323640177539
2.413091178697516e-05    114.3517481857296
2.4321089121040354e-05    115.21675405968881
2.4512765255429037e-05    116.0883030975792
2.470595200228706e-05    116.96644474341474
2.4900661266852594e-05    117.85122881408061
2.5096905048189806e-05    118.74270550213643
2.5294695439928272e-05    119.64092537864194
2.5494044631008287e-05    120.54593939599908
2.5694964906432002e-05    121.45779889082124
2.5897468648020486e-05    122.37655558682408
2.6101568335176775e-05    123.30226160086788
2.630727654565492e-05    124.23496946758995
2.651460595633509e-05    125.17473213010257
2.6723569344004787e-05    126.12160293167379
2.6934179586146267e-05    127.07563561868044
2.714644966173004e-05    128.0368843436529
2.7360392652014793e-05    129.00540366834156
2.7576021741353463e-05    129.9812485668059
2.7793350218005773e-05    130.96447442852855
2.801239147495711e-05    131.95513706155307
2.8233159010743865e-05    132.95329269564022
2.8455666430285313e-05    133.95899798545676
2.867992744572201e-05    134.97231001377904
2.8905955877260796e-05    135.99328629624702
2.9133765654026495e-05    137.02198478849303
2.936337081492032e-05    138.05846388541485
2.9594785509484977e-05    139.10278242334917
2.9828023998776676e-05    140.15499968340174
3.0063100656243963e-05    141.21517539481317
3.0300029968613516e-05    142.28336973834183
3.0538826536782855e-05    143.35964334967554
3.077950507672015e-05    144.44405732287308
3.102208042037113e-05    145.53667321382065
3.1266567516573064e-05    146.63755304372893
3.1512981431976e-05    147.74675930264155
3.1761337351971285e-05    148.8643549532296
3.201165058162735e-05    149.99040345194595
3.22639365466329e-05    151.1249687651928
3.25182107942475e-05    152.2681153468418
3.277448899425974e-05    153.41990813915814
3.303278693995286e-05    154.58041257650973
3.329312054907802e-05    155.74969458909874
3.355550586483523e-05    156.92782060673318
3.381995905686207e-05    158.11485756261257
3.408649642223008e-05    159.31087289715654
3.435513438644914e-05    160.5159345618512
3.4625889504479664e-05    161.73011102313524
3.489877846175283e-05    162.95347126630384
3.517381807519878e-05    164.18608479384056
3.5451025294283076e-05    165.4280215391982
3.5730417202051096e-05    166.67935188322753
3.601201101618086e-05    167.94014673355312
3.62958240900441e-05    169.21047753092586
3.658187391377558e-05    170.4904162532082
3.687017811535101e-05    171.78003541938912
3.7160754461673376e-05    173.0794080936254
3.7453620859667804e-05    174.38860788931518
3.774879535738509e-05    175.70770897320673
3.8046296145113926e-05    177.03678606952528
3.834614155650192e-05    178.3759144641426
3.864835006968536e-05    179.7251700087743
3.8952940308427946e-05    181.08462915001968
3.9259931043268576e-05    182.4543690764257
3.956934119267795e-05    183.83446762978156
3.988118982422455e-05    185.225003243026
4.019549615574962e-05    186.62605494455056
4.051227955655151e-05    188.0377023627434
4.083155954857932e-05    189.46002573055216
4.115335580763591e-05    190.89310589010867
4.14776881645905e-05    192.33702429735536
4.180457660660069e-05    193.79186302673662
4.2134041278344214e-05    195.257704775912
4.246610248326038e-05    196.73463287050706
4.2800780684801246e-05    198.22273126885509
4.3138096507692706e-05    199.72208449582288
4.3478070739205515e-05    201.2327775004897
4.3820724330436305e-05    202.7548958296309
4.4166078397598685e-05    204.28852567216214
4.4514154223324576e-05    205.8337538639311
4.486497325797574e-05    207.39066789253138
4.521855712096569e-05    208.95935590215691
4.557492760209197e-05    210.53990669849546
4.5934106662879e-05    212.13240975365315
4.629611643793143e-05    213.7369552111198
4.666097923629822e-05    215.35363389075968
4.7028717542847436e-05    216.9825372938603
4.739935401965192e-05    218.62375761123516
4.777291150738579e-05    220.27738788141042
4.8149413026732074e-05    221.94352207321273
4.852888177980136e-05    223.62225488739927
4.891134115156158e-05    225.31368174448454
4.9296814711279224e-05    227.01789879023846
4.9685326213971684e-05    228.73500290123187
5.007689960187132e-05    230.4650916904185
5.0471559005900764e-05    232.20826351276284
5.086932874716008e-05    233.96461747091257
5.127023333842559e-05    235.73425342091505
5.167429748566041e-05    237.51727197796848
5.2081546089537e-05    239.313774522233
5.249200424697174e-05    241.12386318419877
5.290569725267145e-05    242.9476405843783
5.3322650600692246e-05    244.78520990586745
5.374288998601059e-05    246.6366750996977
5.4166441306106813e-05    248.50214089526426
5.459333066256101e-05    250.38171280610143
5.502358436266154e-05    252.27549713569383
5.545722892102634e-05    254.18360098332985
5.5894291061236775e-05    256.1061322499998
5.6334797717484537e-05    258.0431996443411
5.677877603623155e-05    259.9949126886132
5.7226253377882766e-05    261.9613817247363
5.7677257318472353e-05    263.9427179203581
5.813181565136303e-05    265.9390333354437
5.858995638895891e-05    267.9504412181168
5.9051707764431726e-05    269.977055797617
5.951709823346068e-05    272.0189921701976
5.998615647598617e-05    274.07636630558875
6.045891139797709e-05    276.14929505365257
6.0935392133212205e-05    278.23789615109166
6.141562804507553e-05    280.34228822820637
6.189964872836596e-05    282.4625908157153
6.238748401112088e-05    284.5989243516009
6.287916395645448e-05    286.75141018803885
6.337471886441043e-05    288.9201705983653
6.387417927382897e-05    291.105328783809
6.437757596422904e-05    293.30700873878357
6.488493995770505e-05    295.5253350218244
6.539630252083859e-05    297.76043306455574
6.59116951666253e-05    300.0124292375888
6.643114965641679e-05    302.2814508574624
6.695469800187811e-05    304.5676261936604
6.748237246696031e-05    306.87108447568056
6.801420556988882e-05    309.1919559001402
6.855023008516743e-05    311.53037163793715
6.909047904559791e-05    313.88646384148615
6.963498574431585e-05    316.2603656519667
7.018378373684219e-05    318.65221120666223
7.073690684315124e-05    321.06213565236476
7.129438914975476e-05    323.4902753740131
7.185626501180261e-05    325.93676807390796
7.24225690551999e-05    328.4017525154223
7.29933361787408e-05    330.88536851237484
7.35686015562592e-05    333.38775693696573
7.414840063879641e-05    335.9090597278288
7.47327691567857e-05    338.4494198981108
7.532174312225428e-05    341.008981543627
7.591535883104262e-05    343.5878898510715
7.65136528650411e-05    346.1862911062944
7.711666209444444e-05    348.8043327026457
7.772442368002382e-05    351.44216314936784
7.833697507541699e-05    354.09993205391464
7.895435402943632e-05    356.7777898523318
7.957659858839504e-05    359.4758879162211
8.020374709845201e-05    362.19437874801525
8.083583820797468e-05    364.93341599251056
8.147291086992093e-05    367.69315444536994
8.211500434423948e-05    370.473750061657
8.276215820028935e-05    373.27535996444965
8.34144123192783e-05    376.09814245351106
8.407180689672058e-05    378.9422570140217
8.473438244491404e-05    381.8078643253887
8.540217979543653e-05    384.6951262700975
8.60752401016625e-05    387.6042059426448
8.675360484129875e-05    390.5352676785543
8.743731581894068e-05    393.48847714307726
8.812641516864858e-05    396.46400127486874
8.882094535654406e-05    399.4620082655956
8.9520949183427e-05    402.48266756925983
9.022646978741347e-05    405.52614991162943
9.093755064659371e-05    408.59262729971624
9.16542355817118e-05    411.68227303133693
9.237656875886602e-05    414.79526170473935
9.310459469223064e-05    417.93176922830224
9.383835824679913e-05    421.0919728303056
9.457790464114894e-05    424.27605106877843
9.532327945022827e-05    427.4841838415341
9.607452860816442e-05    430.71655242653196
9.683169841109469e-05    433.97333953204105
9.759483552001932e-05    437.25472924891824
9.836398696367705e-05    440.56090705146653
9.913920014144324e-05    443.8920598078274
9.992052282625086e-05    447.24837579036887
0.0001007080031675347    450.6300446862123
0.00010150168969419836    454.03725760782044
0.00010230163131760505    457.4702071036464
0.00010310787733459163    460.9290871688872
0.00010392047743050673    464.41409325630536
0.00010473948168227248    467.9254222871318
0.00010556494056147057    471.4632726560333
0.00010639690493745276    475.027844075736
0.00010723542608047543    478.6193375607887
0.00010808055566485931    482.237955616909
0.000108932345772174    485.88390226211624
0.00010979084889444735    489.55738303790287
0.0001106561179374004    493.2586050205153
0.00011152820622370784    496.98777683226257
0.00011240716749628383    500.7451086529548
0.0001132930559215941    504.53081223140657
0.00011418592609299383    508.34510089701945
0.00011508583303409223    512.1881895714567
0.00011599283220214316    516.0602947804019
0.0001169069794914628    519.9616346554733
0.00011782833123687435    523.8924288590431
0.00011875694421717935    527.8528986354569
0.00011969287565865699    531.8432668754142
0.00012063618323859051    535.8637581286583
0.0001215869250888218    539.9145986161752
0.00012254515979933357    543.9960162424492
0.0001235109464218602    548.1082406078366
0.00012448434447352675    552.2515030210143
0.00012546541394051674    556.4260365115183
0.00012645421528176872    560.6320758423609
0.0001274508094327023    564.8698575227861
0.00012845525780897323    569.1396198210534
0.00012946762231025798    573.4416028537333
0.0001304879653240688    577.7760488500784
0.0001315163497295979    582.1432019362403
0.00013255283890159272    586.5433080646142
0.00013359749671426128    590.976615027422
0.0001346503875452085    595.4433724703449
0.00013571157627940365    599.9438319063364
0.0001367811283131785    604.4782467294438
0.00013785910955825819    609.0468722287951
0.0001389455864458221    613.6499656026637
0.00014004062593059844    618.287785972659
0.00014114429549499005    622.9605943979906
0.00014225666315323315    627.6686538869685
0.00014337779745558868    632.4122290426296
0.00014450776749256678    637.1915856980771
0.0001456466428991846    642.006991560894
0.0001467944938592575    646.8587163120852
0.00014795139110972412    651.7470316202755
0.00014911740594500573    656.6722111560445
0.00015029261022139975    661.6345306063417
0.00015147707636150782    666.6342676890148
0.0001526708773586989    671.6717021674289
0.00015387408678160783    676.7471158651954
0.00015508677877866859    681.86079268099
0.00015630902808268398    687.0130186035003
0.00015754091001543102    692.2040817379233
0.0001587825004923028    697.4342725682125
0.00016003387602698648    702.7038839778376
0.00016129511373617908    708.0132110279824
0.00016256629134433923    713.362550962724
0.00016384748718847723    718.7522032249398
0.00016513878022298271    724.1824694722661
0.00016644025002449006    729.6536535932323
0.00016775197679678254    735.166061723464
0.00016907404137573464    740.7200022620113
0.0001704065252342941    746.3157858878245
0.0001717495104875022    751.9537255762874
0.00017310307989755437    757.6341366159119
0.00017446731687890051    763.3573365737344
0.00017584230550338534    769.1236449382641
0.00017722813050542955    774.9333833387202
0.0001786248772872512    780.7868757629763
0.00018003263192412942    786.6844485758669
0.000181451481169708    792.6264305361406
0.00018288151246134213    798.6131528136374
0.00018432281392548666    804.6449490065061
0.00018577547438312697    810.7221551585532
0.00018723958335525257    816.8451097767439
0.00018871523106837377    823.0141538487927
0.00019020250846008238    829.2296308608987
0.00019170150718465507    835.4918868155564
0.00019321231961870233    841.8012701744238
0.00019473503886686068    848.1581316734948
0.0001962697587675307    854.5628245454557
0.00019781657389865946    861.0157045991506
0.0001993755795835696    867.5171302378468
0.00020094687189683286    874.0674624775685
0.00020253054767019126    880.6670649655719
0.00020412670449852433    887.3163039989328
0.00020573544074586322    894.0155485432932
0.00020735685555145283    900.7651702517053
0.00020899104883586082    907.5655434836177
0.00021063812130713588    914.4170453239567
0.00021229817446701343    921.3200555995245
0.00021397131061717077    928.2749566642891
0.00021565763286553167    935.2821332371087
0.00021735724513262042    942.3419727792094
0.0002190702521579658    949.4548655534004
0.00022079675950655586    956.621204643537
0.00022253687357534364    963.841385974175
0.0002242907015998034    971.1158083303213
0.00022605835166053954    978.4448733773017
0.00022783993268994684    985.8289856807571
0.0002296355544789236    993.2685527268192
0.00023144532768363765    1000.7639849423526
0.00023326936383234536    1008.3156957153845
0.000235107775332265    1015.9241014028463
0.00023696067547650338    1023.5896211333564
0.0002388281784510381    1031.3126768508844
0.000240710399341754    1039.0936935233378
0.00024260745414153548    1046.9330991698541
0.00024451945975741466    1054.831324881723
0.00024644653401777595    1062.7888048435025
0.00024838879567961697    1070.8059763542255
0.0002503463644358673    1078.8832798487852
0.00025231936092276453    1087.0211589194207
0.00025430790672728847    1095.2200603373615
0.00025631212439465416    1103.4804340745893
0.0002583321374358635    1111.8027333257676
0.0002603680703353172    1120.1874144164171
0.0002624200485584856    1128.6349361361338
0.00026448819855964107    1137.1457601935408
0.00026657264778965023    1145.7203515692538
0.00026867352470382887    1154.3591785390183
0.00027079095876985764    1163.0627126957656
0.0002729250804757604    1171.8314289717932
0.00027507602133794646    1180.6658056610281
0.00027724391390931415    1189.5663244415036
0.00027942889178742046    1198.5334703979242
0.00028163108962271356    1207.5677320443747
0.00028385064312683086    1216.6696013471753
0.00028608768908096224    1225.8395737477476
0.00028834236534427927    1235.0781478946076
0.0002906148108624311    1244.3858250268934
0.0002929051656761067    1253.763109709982
0.00029521357092966515    1263.2105100349265
0.0002975401688798336    1272.7285376413138
0.0002998851029044741    1282.3177077403154
0.00030224851751141916    1291.978539137817
0.0003046305583473774    1301.7115542577048
0.0003070313722069088    1311.5172791653013
0.00030945110704147093    1321.396243590911
0.00031188991196853707    1331.3489809535056
0.00031434793728078497    1341.3760283845133
0.0003168253344553593    1351.4779267451129
0.0003193222561632061    1361.6552202791634
0.0003218388562784815    1371.9084564295629
0.00032437528988803427    1382.2381863712656
0.0003269317133009627    1392.6449650817551
0.00032950828405824774    1403.129351365099
0.0003321051609424615    1413.6919078761446
0.0003347225039875521    1424.3332011448595
0.0003373604744887056    1435.0538016007233
0.0003400192350122869    1445.8542835973774
0.000342698949405857    1456.735225437296
0.00034539978280827033    1467.6972093966351
0.0003481219016598519    1478.740821750228
0.00035086547371265397    1489.8666527183468
0.00035363066804079425    1501.075295413965
0.00035641765505087453    1512.3673461059107
0.0003592266064924828    1523.7434050765137
0.00036205769546877685    1535.2040766674766
0.0003649110964471521    1546.7499693044526
0.00036778698526999335    1558.381695521677
0.0003706855391655109    1570.0998719867825
0.00037360693675866214    1581.905119525769
0.00037655135808216053    1593.7980631479356
0.0003795189845875689    1605.7793320711414
0.0003825099991564818    1617.8495597469994
0.0003855245861117964    1630.0093838863177
0.00038856293122907065    1642.259446159821
0.0003916252217479723    1654.6003905877917
0.00039471164638381714    1667.032864732523
0.00039782239533919973    1679.557520425431
0.0004009576603157133    1692.1750137925337
0.0004041176345257645    1704.886005278789
0.00040730251270448007    1717.6911596726388
0.00041051249112170697    1730.591146130625
0.00041374776759410824    1743.5866382019824
0.00041700854149735305    1756.678313853557
0.00042029501377840425    1769.8668554945637
0.0004236073869679005    1783.1529500016773
0.0004269458651926381    1796.5372887434955
0.00043031065418815064    1810.0205672516852
0.0004337019613113869    1823.6034846193713
0.0004371199955534898    1837.2867443034122
0.0004405649675526758    1851.0710543087348
0.00044403708960721476    1864.9571272131225
0.00044753657568851363    1878.9456801918986
0.0004510636414543025    1893.0374350429497
0.0004546185042619244    1907.233118211606
0.00045820138318173    1921.5334608157098
0.00046181249901057817    1935.9391986707733
0.0004654520742854431    1950.4510723151757
0.0004691203332971271    1965.0698270354605
0.0004728175021040838    1979.7962128609122
0.00047654380854634826    1994.6309833600153
0.0004802994822595787    2009.5748952095837
0.00048408475468920666    2024.628709730904
0.00048789985910470114    2039.7931930263826
0.0004917450306139436    2055.0691160035976
0.0004956205061777161    2070.457254399412
0.0004995265246243045    2085.9583888041
0.0005034633266642168    2101.5733046856462
0.0005074311549050161    2117.3027924139074
0.0005114302538662726    2133.1476472850086
0.0005154608699946308    2149.108669545712
0.0005195232516789989    2165.1866644178003
0.0005236176492658537    2181.3824419008297
0.0005277443150746698    2197.6968143073514
0.0005319035034134685    2214.130597100178
0.0005360954705944896    2230.6846106390785
0.0005403204749499866    2247.3596802347406
0.0005445787768481476    2264.1566361707983
0.0005488706387091392    2281.076313725881
0.0005531963250212788    2298.1195531956855
0.0005575561023573346    2315.2871999150775
0.000561950239390952    2332.5801042800745
0.000566379006913212    2349.9991217700313
0.0005708426778493174    2367.545112969652
0.0005753415272754141    2385.218943591092
0.000579875832435541    2403.0214840276976
0.0005844458727587148    2420.9536074145863
0.0005890519298761524    2439.016191217315
0.0005936942876386253    2457.2101180057866
0.0005983732321339507    2475.5362754746056
0.0006030890517046243    2493.99555646313
0.0006078420369655873    2512.588858975489
0.0006126324808221382    2531.3170862004417
0.0006174606784879796    2550.1811465313767
0.000622326927503415    2569.1819535861273
0.0006272315277536831    2588.320426226841
0.0006321747814874363    2607.5974885796904
0.0006371569933353711    2627.0140700511793
0.0006421784703289972    2646.571104374607
0.0006472395219195618    2666.2695282580216
0.0006523404599971163    2686.110283316908
0.0006574815989097402    2706.094316418439
0.0006626632554829113    2726.22257969903
0.000667885749039028    2746.496030581668
0.0006731494014170931    2766.91563179325
0.0006784545369925412    2787.4823513818624
0.0006838014826972341    2808.197162733849
0.0006891905680396031    2829.061044590879
0.000694622125124959    2850.074981066948
0.0007000964886759575    2871.2399616651264
0.0007056139960532239    2892.5569811737187
0.0007111749872761471    2914.027036080578
0.0007167798050438298    2935.6511238490616
0.0007224287947562111    2957.4302469072163
0.0007281223045353501    2979.365412898086
0.000733860685246877    3001.457634691337
0.0007396442905216207    3023.7079303947744
0.0007454734767773952    3046.117323365596
0.0007513486032409701    3068.686842221578
0.0007572700319702027    3091.4175208519
0.0007632381278763545    3114.310398427945
0.000769253258746577    3137.3665194138885
0.0007753157952665749    3160.5869335769353
0.0007814261110434546    3183.9726957616435
0.0007875845826287426    3207.5248637194277
0.0007937915895415954    3231.2444990449994
0.0008000475142921833    3255.132668536376
0.0008063527424052667    3279.190444219451
0.0008127076624439524    3303.4189033546927
0.0008191126660336373    3327.819128443922
0.000825568147886147    3352.3922072368136
0.0008320745058240541    3377.1392327370554
0.0008386321408052014    3402.061303208316
0.000845241456947404    3427.1595221799157
0.0008519028615533584    3452.434998452263
0.0008586167651357414    3477.8888461020147
0.0008653835814425059    3503.5221826975057
0.0008722037274823821    3529.3361230968194
0.0008790776235505718    3555.331784957124
0.0008860056932546544    3581.510290872049
0.0008929883635406856    3607.8727683692596
0.0009000260647195142    3634.4203499075743
0.0009071192304932979    3661.154172873821
0.0009142682979822271    3688.0753795791143
0.0009214737077514695    3715.1851172550323
0.0009287359038383133    3742.4845380491365
0.0009360553337795371    3769.974799020261
0.0009434324486389839    3797.6570621333813
0.0009508677030353636    3825.5324942290204
0.0009583615551702667    3853.602263293759
0.0009659144668563981    3881.8675343480695
0.0009735269035460437    3910.329475997321
0.0009811993343597464    3938.9892613475054
0.0009889322321152228    3967.8480679911545
0.0009967260733564941    3996.907077992848
0.0010045813383832605    4026.1674778740758
0.0010124985112804949    4055.630458597678
0.0010204780799482744    4085.2972155516404
0.001028520536131853    4115.168948532631
0.0010366263754519585    4145.246861728667
0.0010447960974353419    4175.532163701485
0.0010530302055455551    4206.0260670493635
0.0010613292072139823    4236.729781048414
0.0010696936138711085    4267.644511204327
0.001078123940978034    4298.771466498261
0.0010866207080582467    4330.11185970407
0.0010951844387296294    4361.66690735898
0.0011038156607367357    4393.437829733585
0.0011125149059833099    4425.4258508013245
0.001121282710565062    4457.632198207092
0.001130119614802712    4490.058103235238
0.0011390261632752802    4522.704800776914
0.0011480029048536544    4555.573529296651
0.0011570503927344068    4588.665530798243
0.001166169184473892    4621.9820494993555
0.001175359842022603    4655.524321924267
0.0011846229317598006    4689.293581979236
0.001193959024528421    4723.291066389361
0.0012033686956702489    4757.5180146952835
0.0012128525250613795    4791.975669205988
0.0012224110971479473    4826.665274950111
0.0012320450009821481    4861.5880796269275
0.0012417548302585384    4896.745333556076
0.0012515411833506171    4932.138289626675
0.00126140466334771    4967.7682032454395
0.0012713458780921254    5003.6363322840125
0.0012813654402166227    5039.743937025287
0.0012914639671821558    5076.092276206264
0.0013016420813159336    5112.682595834635
0.0013119004098497676    5149.5161400546895
0.0013222395849587217    5186.594154542575
0.0013326602438000785    5223.917886437196
0.0013431630285525953    5261.488584270371
0.0013537485864560876    5299.307497895631
0.001364417569851307    5337.375878416233
0.0013751706362201495    5375.69497811193
0.0013860084482261704    5414.2660503647485
0.001396931673755417    5453.09034958375
0.0014079409859575965    5492.169131128582
0.0014190370632875488    5531.503651149867
0.001430220589547067    5571.095159006827
0.0014414922539270274    5610.944890885466
0.0014528527510498685    5651.054081562767
0.001464302781012396    5691.423965703652
0.0014758430494289214    5732.055777767054
0.001487474267474754    5772.950751911292
0.0014991971519300199    5814.110121897742
0.0015110124252238418    5855.535120993545
0.0015229208154788484    5897.226981873007
0.0015349230565560581    5939.186936517879
0.0015470198881000956    5981.416216116063
0.00155921205558477    6023.916050959415
0.001571500310359026    6066.6876694197545
0.0015838854096932344    6109.73228113123
0.0015963681168258673    6153.051078116941
0.001608949201010532    6196.645249533067
0.0016216294375633697    6240.515982093345
0.001634409607910846    6284.664459943124
0.001647290499637896    6329.091864531878
0.0016602729065364693    6373.799374484555
0.0016733576286544374    6418.788165471289
0.0016865454723449076    6464.059410075643
0.0016998372503159098    6509.614277661679
0.0017132337816804755    6555.4539342392145
0.001726735892007128    6601.579542327922
0.0017403444133707443    6647.992257794649
0.0017540601844038468    6694.693210485329
0.001767884050348269    6741.683515758822
0.001781816863107258    6788.964283884558
0.0017958594812979673    6836.536619926742
0.001810012770304365    6884.401623584146
0.001824277602330574    6932.560389028394
0.0018386548564546116    6981.0140047403365
0.0018531454186825724    7029.763553345545
0.0018677501820032188    7078.810111447309
0.0018824700464430233    7128.154749458819
0.001897305919121626    7177.798531433327
0.0019122587143077332    7227.7425148908505
0.001927329353475471    7277.987742659572
0.0019425187653611584    7328.535224149013
0.001957827886020554    7379.385955346805
0.0019732576588865278    7430.540923888087
0.001988809034827213    7482.001108860219
0.0020044829722045978    7533.767480604546
0.002020280436933581    7585.841000518086
0.002036202402541508    7638.2226208520415
0.002052249850228151    7690.913284509405
0.002068423768926191    7743.913924841177
0.002084725155362148    7797.225465439976
0.002101155014117813    7850.848819933043
0.002117714357692156    7904.784891506191
0.0021344042065637122    7959.03455642542
0.0021512255892534855    8013.598653854224
0.002168179542388313    8068.478008677833
0.0021852671107647687    8123.673433493792
0.0022024893474135265    8179.185728376529
0.0022198473136642743    8235.015680640841
0.0022373420792111097    8291.164064602915
0.002254974722178455    8347.631641340338
0.0022727463291875123    8404.41915845027
0.002290657995423209    8461.527349805672
0.0023087108247017065    8518.956935310413
0.0023269059295384083    8576.708620652476
0.0023452444312165323    8634.783095207395
0.002363727459856204    8693.18100486366
0.0023823561544840948    8751.902956992544
0.002401131663103632    8810.949541678892
0.002420055142765724    8870.321332046231
0.002439127759640084    8930.018883980461
0.002458350689087084    8990.042735851941
0.0024777251157301855    9050.393408236148
0.0024972522335289554    9111.071403632684
0.0025169332458526267    9172.077206182927
0.002536769365554275    9233.411281386034
0.002556761815045544    9295.074075813875
0.0025769118263719907    9357.066016823785
0.002597220641289008    9419.387506611307
0.0026176895113383374    9482.0388919885
0.002638319697925216    9545.020484893977
0.0026591124723960888    9608.332575391096
0.0026800691161169778    9671.975431382965
0.0027011909205524277    9735.949298298754
0.002722479187345108    9800.254398778696
0.002743935228396022    9864.890932357395
0.002765560365945345    9929.859075146973
0.0027873559326539264    9995.158979517853
0.0028093232716853937    10060.790773779416
0.002831463736788949    10126.75456185925
0.0028537786923827713    10193.05042296421
0.002876269513638118    10259.678396387777
0.002898937586564065    10326.638453318286
0.00292178430809291    10393.93053028738
0.002944811086166277    10461.554536115651
0.0029680193398218644    10529.510351564977
0.0029914104992809104    10597.797828991404
0.0030149860060363137    10666.416791996284
0.0030387473129414814    10735.367035077337
0.003062695884299857    10804.64832327906
0.003086833195955149    10874.260391842534
0.0031111607353823006    10944.202945854857
0.0031356800017791333    11014.475659897855
0.003160392506158758    11085.078176900483
0.0031852997714426705    11156.010073245705
0.003210403332554622    11227.270844092984
0.003235704736515199    11298.859946960918
0.0032612055425371546    11370.77680481207
0.003286907322121512    11443.020805674925
0.003312811659154389    11515.591302265775
0.0033389201500046268    11588.487611611637
0.003365234403622145    11661.70901467251
0.003391756041637115    11735.254755964492
0.0034184866984598838    11809.124043183581
0.003445428021381686    11883.316046829037
0.0034725816706761823    11957.82989982875
0.0034999493197017486    12032.664692692177
0.0035275326550046238    12107.81942018923
0.003555333376422817    12183.292997114955
0.0035833531971908843    12259.084295860797
0.003611593844045499    12335.192146788413
0.003640057057331852    12411.615337833475
0.003668744591110923    12488.352614110423
0.003697658213267553    12565.402677519041
0.00372679970561941    12642.764186352782
0.0037561708640267886    12720.43575490832
0.0037857734985032665    12798.41595309767
0.003815609433327275    12876.703306061618
0.0038456805071544913    12955.296293785477
0.003875988573131176    13034.193336170352
0.003906535499008345    13113.392728728133
0.003937323167256896    13192.892692308422
0.003968353475183606    13272.691398169638
0.003999628335048044    13352.786967596732
0.0040311496741804375    13433.177471505636
0.004062919435100421    13513.860930050761
0.004094939575636768    13594.835312235362
0.00412721206904802    13676.09853552574
0.00415973890414411    13757.648465469607
0.004192522085408917    13839.482915317514
0.004225563633123781    13921.59964564802
0.004258865583492028    14003.996363880093
0.004292429988764426    14086.670683808396
0.004326258917365682    14169.62006537983
0.004360354454021883    14252.841896133132
0.004394718699888993    14336.333505463408
0.004429353772682328    14420.09216424465
0.004464261806807047    14504.115084459627
0.004499444953489718    14588.399418833766
0.0045349053809108485    14672.94226047634
0.004570645274338545    14757.740642526873
0.004606666836263136    14842.791537808376
0.00464297228653294    14928.091858486336
0.004679563862491048    15013.638455735205
0.0047164438191131895    15099.428117662765
0.004753614429146724    15185.4575128085
0.004791077983250673    15271.723176359405
0.004828836790136907    15358.221574110661
0.004866893176712397    15444.949106236912
0.004905249488222632    15531.902106982421
0.004943908088396143    15619.07684435962
0.004982871359590147    15706.469519857319
0.005022141702937399    15794.076268156634
0.0050617215384941225    15881.8931568572
0.005101613305389183    15969.916186212762
0.005141819461974368    16058.141288874944
0.005182342485975915    16146.56432964914
0.005223184874647186    16235.181092664396
0.005264349144922551    16323.987158840016
0.005305837833572528    16412.977955687067
0.005347653497360072    16502.14883585298
0.005389798713198178    16591.495078014323
0.005432276078308659    16681.011886672164
0.0054750882103821955    16770.69439196003
0.005518237747739685    16860.53764946483
0.005561727349494786    16950.53664006093
0.005605559695717834    17040.686269757993
0.005649737487600954    17130.981369561963
0.005694263447624564    17221.41669535047
0.005739140319725134    17311.9869277622
0.005784370869464266    17402.686630273718
0.005829957884199157    17493.510097018912
0.005875904173254334    17584.45148609786
0.005922212568094819    17675.50487401365
0.00596888592250058    17766.66425562446
0.006015927112742431    17857.92354410958
0.006063339037759269    17949.276570951613
0.006111124619336707    18040.717085938468
0.006159286802287168    18132.238757183903
0.006207828554631319    18223.83517116568
0.006256752867781016    18315.499832784142
0.006306062756723612    18407.226165439813
0.006355761260207795    18499.007510570937
0.006405851440930833    18590.83703082718
0.006456336385727302    18682.707597036577
0.0065072192057593495    18774.611966082608
0.006558503036708376    18866.54280745966
0.006610191038968326    18958.492703471537
0.006662286397840391    19050.454149453693
0.006714792323729356    19142.419554019816
0.006767712052341421    19234.381239332906
0.006821048844883585    19326.331441402108
0.006874805988264663    19418.262310404047
0.006928986795297794    19510.165911029733
0.006983594604904642    19602.03422285836
0.007038632782321116    19693.859132694528
0.007094104719304791    19785.63223683447
0.00715001383434391    19877.344825061355
0.007206363572868034    19968.98808528318
0.007263157407460412    20060.553114388895
0.007320398838071925    20152.03091880569
0.007378091392236829    20243.41241508771
0.00743623862529009    20334.688430536866
0.007494844120586526    20425.84970385753
0.007553911489721614    20516.88688584192
0.0076134443727540356    20607.79054009124
0.007673446438430048    20698.5511437676
0.007733921384409518    20789.159088382617
0.007794872937493842    20879.604644355768
0.00785630485385556    20969.877671270708
0.007918220919269886    21059.96776667344
0.007980624949347977    21149.864435246025
0.008043520789772057    21239.557091353006
0.00810691231653246    21329.035060095557
0.008170803436166432    21418.28757840773
0.008235198085998915    21507.30379619339
0.008300100234385184    21596.07277750483
0.00836551388095536    21684.58350176299
0.008431443056860945    21772.824865020626
0.008497891825023187    21860.78568126665
0.008564864280383527    21948.454683774282
0.008632364550155874    22035.82039865256
0.008700396794081014    22122.87076459968
0.008768965204682927    22209.593508025424
0.008838074007527133    22295.976268623603
0.008907727461481154    22382.006601060297
0.00897792985897689    22467.671976715043
0.009048685526275226    22552.959785472038
0.009119998823732562    22637.857337566187
0.009191874146069586    22722.351865480225
0.009264315922642074    22806.43052589514
0.009337328617713827    22890.08040169344
0.009410916730731841    22973.288504015127
0.00948508479660352    23056.04177172146
0.00955983738597622    23138.326801221912
0.009635179105518827    23220.1296072262
0.009711114598205733    23301.436074465422
0.009787648543602914    23382.23201536101
0.009864785658156296    23462.503172596866
0.009942530695482467    23542.235221754792
0.010020888446661548    23621.413774012526
0.010099863740532527    23700.024378906026
0.01017946144399075    23778.05252715482
0.010259686462287922    23855.483653549203
0.010340543739334372    23932.303139900578
0.010422038258003682    24008.49631805571
0.010504175040439837    24084.048446701214
0.010586959148366633    24158.94420884362
0.010670395683399695    24233.167745335988
0.010754489787360781    24306.70312826255
0.01083924664259472    24379.534383125094
0.01092467147228875    24451.645492554362
0.011010769540794363    24523.02040009654
0.011097546153951806    24593.643014071684
0.011185006659416965    24663.497211507693
0.011273156446990997    24732.56684214453
0.01136200094895241    24800.83573251235
0.011451545640391888    24868.28769008022
0.011541796039549674    24934.90650747563
0.011632757708155602    25000.67586119649
0.011724436251771915    25065.57861552408
0.011816837320138622    25129.597252931566
0.011909966607521758    25192.714243984647
0.012003829853064203    25254.91205431455
0.012098432841139446    25316.17314973918
0.012193781401708003    25376.480001463893
0.012289881410676676    25435.81509136413
0.01238673879026072    25494.160917346984
0.012484359509348722    25551.499998790474
0.012582749583870515    25607.814882060236
0.012681915077167883    25663.088146100334
0.012781862100368175    25717.30240806478
0.012882596812760985    25770.440067319905
0.012984125422177643    25822.482677112934
0.013086454185373856    25873.41164671646
0.013189589408415199    25923.208436999525
0.013293537447065806    25971.854567043796
0.013398304707180017    26019.331620841465
0.013503897645097095    26065.621254073358
0.013610322768039206    26110.705200963144
0.013717586634512316    26154.565281207026
0.013825695854710465    26197.18340697489
0.013934657090923022    26238.54158998175
0.014044477057945351    26278.621948625998
0.014155162523492568    26317.406707677386
0.014266720308616556    26354.877699661312
0.01437915728812643    26391.016048146266
0.014492480391012084    26425.802929065172
0.014606696600871286    26459.219654962562
0.014721812956339966    26491.247683239482
0.014837836551526052    26521.86862446304
0.01495477453644661    26551.064250736814
0.015072634117468429    26578.816504128303
0.015191422557752219    26605.107505150907
0.01531114717770009    26629.919561293755
0.015431815355406775    26653.235175598373
0.01555343452711423    26675.037055273984
0.01567601218766996    26695.308082896678
0.01579955589098887    26714.030750837974
0.015924073250518735    26731.187281501472
0.01604957193970948    26746.76011929154
0.01617605969248594    26760.73195454807
0.01630354430372459    26773.08573302676
0.0164320336297338    26783.80466539938
0.01656153558873806    26792.872236771833
0.016692058161365937    26800.27221621143
0.016823609391141813    26805.988666279514
0.01695619738498168    26810.0059525629
0.017089830313692628    26812.30875319757
0.017224516412476475    26812.882068379808
0.017360263981437175    26811.711173194315
0.01749708138609238    26808.78131596819
0.017634977057888968    26804.07794898558
0.017773959494722557    26797.58688473629
0.01791403726146131    26789.29430603389
0.018055218990473645    26779.186775704304
0.01819751338216028    26767.251246219705
0.01834092920549039    26753.4750692738
0.01848547529854193    26737.84600528605
0.018631160569046405    26720.352232833047
0.01877799399493768    26700.98235799647
0.018925984624905395    26679.725423619748
0.019075141578952445    26656.57091858394
0.01922547404895714    26631.50892606812
0.019376991299239577    26604.530402137025
0.019529702667132557    26575.62684801623
0.01968361756355708    26544.79024317145
0.01983874547360218    26512.013053409515
0.01999509595710958    26477.288238829926
0.02015267864926269    26440.609261625046
0.020311503261180502    26401.970093716824
0.020471579580515986    26361.36522422441
0.0206329174720592    26318.78966675633
0.020795526878345363    26274.238966519486
0.020959417820267393    26227.709207235865
0.021124600397693618    26179.19704042582
0.021291084790090023    26128.700751475255
0.02145888125714772    26076.220710706002
0.021628000139415113    26021.757946929833
0.021798451858935117    25965.31403336451
0.021970246919887554    25906.891091159556
0.022143395909236287    25846.49179268608
0.02231790949738185    25784.11936458412
0.022493798438818834    25719.777590566955
0.022671073572798784    25653.470813973236
0.022849745823998107    25585.203940065694
0.02302982620319127    25514.982438071595
0.02321132580792946    25442.812342960748
0.023394255823224335    25368.700502848875
0.023578627522237453    25292.657618966354
0.023764452266974854    25214.697260292032
0.02395174150898734    25134.833540436437
0.024140506790076177    25053.08106250297
0.02433075974300427    24969.454914835616
0.02452251209221319    24883.970666544697
0.024715775654545545    24796.64436281013
0.024910562339973342    24707.492519966218
0.02510688415233179    24616.53212036654
0.025304753190059214    24523.78060703501
0.025504181646942518    24429.255878100557
0.025705181812868613    24332.97628102346
0.025907766074581905    24234.961781736005
0.026111946916447484    24135.239277178513
0.02631773692122065    24033.838208575282
0.026525148770822134    23930.78827006376
0.02673419524711982    23826.11939306647
0.026944889232716356    23719.8617328625
0.027157243711742954    23612.045655185397
0.02737127177065974    23502.701722852606
0.027586986599062023    23391.860682434348
0.02780440149049325    23279.55345097044
0.028023529843264196    23165.811102740336
0.028244385161278533    23050.664856095325
0.028466981054865212    22934.146069779636
0.028691331241616994    22816.290188001472
0.028917449547236004    22697.142734304165
0.029145349906385568    22576.75059587184
0.029375046363549085    22455.160399234886
0.029606553073895484    22332.418489792944
0.029839884304151448    22208.570911975876
0.030075054433480793    22083.66339005072
0.03031207795437038    21957.741309569956
0.030550969473523443    21830.849699466442
0.03079174371275952    21703.03321479326
0.031034415509921864    21574.33612010837
0.03127899981979178    21444.80227350208
0.031525511715010106    21314.475310466052
0.03177396638700631    21183.405459321435
0.032024379146934435    21051.651035450817
0.03227676542661673    20919.270032755754
0.03253114077949483    20786.319548677075
0.03278752088158794    20652.855768277535
0.033045921532459    20518.933949679034
0.03330635865618855    20384.608410829325
0.033568848302355694    20249.93251757267
0.03383340664702742    20114.958672993766
0.03410004999375531    19979.738308010903
0.03436879477458051    19844.321873183715
0.03463965755104601    19708.75883171112
0.034912655015217425    19573.09905744771
0.035187803990711856    19437.40694726987
0.035465121433734245    19301.75509490137
0.035744624434122615    19166.21449280435
0.036026330216401066    19030.854381520792
0.03631025614084153    18895.742253028013
0.03659641970453321    18760.943856508842
0.03688483854246103    18626.523206437614
0.03717553042859263    18492.54259288485
0.03746851327697327    18359.062593944454
0.03776380514283008    18226.142090184527
0.038061424223684553    18093.838281030603
0.0383613888604743    17962.206702986063
0.03866371753868288    17831.299075660565
0.03896842888947918    17701.155235049904
0.03927554169086578    17571.810721052734
0.03958507486883577    17443.299947224506
0.039897047498539326    17315.656219177697
0.04021147880545907    17188.911753065615
0.04052838816659518    17063.097694666703
0.040847795111659035    16938.244139027953
0.04116971932427701    16814.380150628913
0.041494180643203635    16691.533784030133
0.04182119906354381    16569.732104967294
0.04215079473798527    16449.00121185808
0.042482987978040336    16329.36633472426
0.04281779925529796    16210.86741823925
0.04315524920268484    16093.577418507122
0.043495358615737126    15977.571553396532
0.04383814845388224    15862.922659624102
0.044183639841730016    15749.701262612658
0.04453185407037484    15637.975649450076
0.04488281259870754    15527.811944752206
0.045236537054738166    15419.27418924488
0.04559304923692831    15312.42442089162
0.0459523711155347    15207.322758403106
0.046314524833963394    15104.027486978395
0.046679532710133836    15002.595142005695
0.047047417237854626    14903.05969636896
0.04741820108820943    14805.385013882798
0.04779190711095456    14709.52153846106
0.048168558335926474    14615.420892514307
0.04854817797446138    14523.035838424945
0.048930789420825786    14432.320241414227
0.04931641625365777    14343.229033749938
0.049705082237420185    14255.718180244754
0.05009681132386552    14169.744645000896
0.050491627653511346    14085.266359355513
0.05088955555712837    14002.242190983916
0.05129061955723961    13920.629134976656
0.05169484436963208    13840.373310494124
0.0521022549048792    13761.418877052753
0.05251287626987637    13683.711206281767
0.05292673376938833    13607.196841104615
0.05334385290760815    13531.823456940732
0.053764259389729216    13457.539824887535
0.054187979123529156    13384.295776815476
0.05461503822096685    13312.04217230885
0.05504546299979097    13240.73086739108
0.055479279985162146    13170.314532440158
0.055916515911287844    13100.745589169957
0.056357197723069345    13031.976840873293
0.056801352577762594    12963.962014610566
0.05724900784665157    12896.655740376922
0.057700191116735515    12830.013528496138
0.05815493019242834    12763.99174855119
0.058613253097272396    12698.547609799178
0.059075188075665766    12633.639143026221
0.05954076359460224    12569.224589467642
0.060010008345425976    12505.229415873817
0.06048295124559942    12441.529841395699
0.06095962144048584    12378.00034872657
0.061440048305144705    12314.517967443813
0.06192426144614233    12250.962263018788
0.06241229070337666    12187.215337789803
0.06290416615191557    12123.161843454616
0.06339991810385066    12058.689004638938
0.06389957711016506    11993.6862526775
0.06440317396261658    11928.03843285714
0.06491073969563457    11861.626981347621
0.06542230558823284    11794.336212077449
0.06593790316593752    11726.053615174304
0.0664575642027292    11656.669951792757
0.06698132072300146    11586.079358902325
0.06750920500353412    11514.179463341789
0.06804124957548287    11440.871581600724
0.06857748722638322    11366.065446571458
0.06911795100217147    11289.681785049701
0.06966267420922152    11211.64563619262
0.07021169041639667    11131.885840198242
0.0707650334571188    11050.335170280789
0.07132273743145315    10966.930466709895
0.0718848367082102    10881.612772124607
0.07245136592706299    10794.329872437971
0.07302236000068213    10705.068478679774
0.0735978541168877    10613.844427422699
0.07417788374081699    10520.676681766181
0.07476248461711053    10425.58669293229
0.07535169277211465    10328.598404398876
0.07594554451610207    10229.738251791698
0.07654407644550885    10129.035587304195
0.07714732544519003    10026.548855825504
0.07775532869069304    9922.379364744751
0.07836812365054789    9816.631538557525
0.07898574808857674    9709.409017631215
0.0796082400662208    9600.81452749812
0.0802356379448865    9490.949753928444
0.08086798038830864    9379.916040777276
0.08150530636493354    9267.838509078201
0.08214765515032084    9154.868636429926
0.0827950663295631    9041.155318486128
0.08344757979972578    8926.84302699462
0.08410523577230566    8812.071695808487
0.08476807477570945    8696.976626415448
0.0854361376577505    8581.693716514863
0.08610946558816654    8466.381621860104
0.08678810006115718    8351.201469562675
0.0874720828979402    8236.307272952397
0.08816145624932929    8121.845940420625
0.08885626259833142    8007.957316814131
0.08955654476276542    7894.777760613729
0.09026234589789982    7782.473450929242
0.09097370949911261    7671.223483028324
0.09169067940457232    7561.19707008989
0.09241329979793854    7452.553479759513
0.09314161521108542    7345.442325954637
0.09387567052684555    7240.003891946702
0.09461551098177673    7136.369873032802
0.09536118216894854    7034.683228499486
0.09611273004075266    6935.106224294709
0.09687020091173507    6837.792878542374
0.09763364146144936    6742.887191124953
0.09840309873733395    6650.523776328511
0.09917862015761111    6560.828520516592
0.09996025351420983    6473.918570745559
0.10074804697570995    6389.880091161159
0.10154204909031116    6308.765007468489
0.1023423087888252    6230.620117458495
0.10314887538769045    6155.489409594744
0.10396179859201149    6083.4145285334735
0.10478112849862199    6014.435240035192
0.10560691559917276    5948.574249218453
0.10643921078324207    5885.753813496322
0.10727806534147238    5825.860890394685
0.10812353096873173    5768.787902179723
0.1089756597672983    5714.432524800581
0.10983450425007181    5662.697391180005
0.11070011734381024    5613.48488739065
0.11157255239239038    5566.625147048494
0.11245186316009576    5521.894437981103
0.11333810383492975    5479.075462993056
0.11423132903195556    5437.958376125452
0.11513159379666076    5398.340161341684
0.11603895360835015    5360.021574770018
0.11695346438356521    5322.775448577591
0.11787518247952886    5286.356863990876
0.11880416469761924    5250.527054169944
0.11974046828686975    5215.053636510457
0.12068415094749796    5179.710407633866
0.12163527083446    5144.277578874336
0.12259388656103518    5108.543083489706
0.12356005720243858    5072.301453211641
0.12453384229946043    5035.353459532929
0.12551530186213605    4997.506357772214
0.12650449637344377    4958.574996498786
0.12750148679303286    4918.401324560093
0.12850633456097912    4876.855107789255
0.12951910160157165    4833.813751891228
0.13053985032712967    4789.161689057815
0.1315686436418475    4742.791030623216
0.13260554494567175    4694.62765448438
0.13365061813820808    4644.654207070524
0.13470392762265998    4592.864348866379
0.13576553830979607    4539.257050652475
0.13683551562195118    4483.836937690295
0.13791392549705864    4426.647294743401
0.13900083439271238    4367.802382383698
0.1400963092902633    4307.424652841209
0.14120041769894648    4245.635841507821
0.1423132276600427    4182.557958511345
0.14343480775106981    4118.362264497634
0.14456522709000968    4053.280100941308
0.1457045553395684    3987.5375789746713
0.14685286271146775    3921.350587106026
0.14801021997077307    3854.932639685463
0.1491766984402536    3788.557089238272
0.15035237000477902    3722.5174909592924
0.1515373071157476    3657.088855973961
0.1527315827955519    3592.527787802239
0.1539352706420798    3529.090113636834
0.1551484448332481    3467.045705493086
0.15637118013157517    3406.6481091475102
0.15760355188878739    3348.1318757130834
0.15884563605046403    3291.704875937197
0.16009750916071575    3237.513495130557
0.16135924836690244    3185.6786833817064
0.16263093142438836    3136.312726218142
0.16391263670133224    3089.5105715179384
0.16520444318351765    3045.267712850269
0.16650643047922029    3003.528897656464
0.16781867882411475    2964.242249263577
0.16914126908621763    2927.353245019423
0.17047428277087162    2892.7342005817845
0.17181780202576952    2860.2148914124414
0.17317190964601464    2829.6334117067317
0.17453668907922432    2800.8310397416262
0.17591222443067192    2773.608558372636
0.17729860046847104    2747.7491669830124
0.1786959026287975    2723.0445828762545
0.1801042170211553    2699.285947246469
0.1815236304336843    2676.227311996428
0.18295423033850639    2653.6165787026716
0.18439610489711755    2631.209984804349
0.18584934296582012    2608.7604781144314
0.18731403410119976    2586.0042969261035
0.1887902685656428    2562.6837974836103
0.19027813733289928    2538.5536883967384
0.1917777320936906    2513.4137163624036
0.1932891452613578    2487.0999657506945
0.19481246997755813    2459.4590283358298
0.19634780011800398    2430.3830985754525
0.19789523029824965    2399.877742525284
0.19945485587951992    2367.972639954747
0.2010267729745877    2334.7095033384107
0.20261107845369836    2300.2183159697697
0.20420786995053689    2264.678086561239
0.20581724586824632    2228.263518551952
0.20743930538549116    2191.171552114711
0.20907414846257066    2153.630015799157
0.21072187584757682    2115.857568407165
0.21238258908260402    2078.0698852434343
0.21405639051000794    2040.4949192291022
0.21574338327871007    2003.3494957880384
0.21744367135055576    1966.8398736857375
0.21915735950672033    1931.1773711569742
0.22088455335416773    1896.5627561659417
0.2226253593321563    1863.1779554839093
0.22437988471879927    1831.1717377456944
0.2261482376376771    1800.6753783363772
0.22793052706449826    1771.7972991460656
0.22972686283381644    1744.5642977840528
0.23153735564579844    1718.9764063193825
0.23336211707304771    1695.0141366317698
0.23520125956747767    1672.56857542708
0.23705489646724276    1651.5116368972858
0.23892314200372425    1631.7028203976179
0.24080611130856744    1612.9478939772446
0.24270392042077774    1595.0501008890205
0.244616686293873    1577.8079157080326
0.2465445268030885    1561.0038676818672
0.24848756075264228    1544.4269531075574
0.2504459078830562    1527.8739512801808
0.2524196888785365    1511.1493806614121
0.2544090253744082    1494.0710322433054
0.2564140399646127    1476.494872708101
0.2584348562092637    1458.2966132969586
0.2604715986422593    1439.3867274119198
0.2625243927789577    1419.7409678685358
0.26459336512391185    1399.3511813329458
0.2666786431786669    1378.2699834034913
0.2687803554496148    1356.5907181081036
0.27089863145591503    1334.4217713470703
0.2730336017374776    1311.917263989638
0.27518539786300505    1289.2340754567865
0.2773541524381019    1266.541815191996
0.27953999911344607    1244.015163119487
0.2817430725930268    1221.8193499177419
0.2839635086424431    1200.112549398253
0.2862014440972716    1179.039557123626
0.28845701687150105    1158.7157760874177
0.29073036596602786    1139.2387587322921
0.29302163147722443    1120.6697691988234
0.2953309546055715    1103.0332059674954
0.297658477664362    1086.3297860000673
0.30000434408846754    1070.5091621123784
0.3023686984431799    1055.507860752515
0.3047516864331211    1041.2211245688434
0.3071534549112194    1027.5324228193103
0.30957415188776155    1014.3062902034777
0.31201392653951254    1001.3982060186205
0.3144729292189112    988.6662665446747
0.3169513114633323    975.9714684614218
0.3194492260044269    963.1923054076315
0.321966826777536    950.2297005925491
0.3245042689311739    937.0085045522636
0.3270617088365911    923.4922292260558
0.3296393040974098    909.667175389112
0.33223721355933883    895.5602170695505
0.33485559731995884    881.2152217243306
0.3374946167385903    866.7064711643517
0.34015443444623905    852.1177174732359
0.342835214355615    837.5500456440036
0.34553712167123574    823.1056062632264
0.34826032289960607    808.8890856323237
0.3510049858594817    794.996244539661
0.35377127969220734    781.5083450345229
0.35655937487214173    768.4872083717395
0.3593694432171657    755.9664013846204
0.362201657899266    743.9554728372607
0.36505619345521056    732.4358683054417
0.36793322579730237    721.3692414279454
0.370832932224223    710.6999610009893
0.3737554914319548    700.3616772468212
0.3767010835247953    690.2822962860207
0.37966989002645807    680.3866714754711
0.38266209389125516    670.6010094629256
0.38567787951537447    660.8551032876812
0.38871743274824205    651.0887497086466
0.3917809409039777    641.256385286835
0.39486859277293423    631.3354973426
0.39798057863333397    621.3254601129572
0.40111709026299697    611.2544403104273
0.4042783209511546    601.1661121277174
0.4074644655103648    591.1173064066998
0.4106757202885153    581.1630051285515
0.4139122831809269    571.3530538304744
0.41717435364254457    561.7279348832179
0.4204621327002312    552.3219758989865
0.42377582296515787    543.1644433459237
0.4271156286452858    534.2771253377142
0.43048175555795354    525.671274708982
0.4338744111425591    517.3381152396158
0.43729380447334665    509.2500463780867
0.4407401462722862    501.3635992685235
0.4442136489220617    493.62966747583295
0.4477145264791616    486.00531263030445
0.4512429946870656    478.4585881874016
0.4547992709895428    470.9675428321738
0.4583835745440508    463.5155954082611
0.461996126235244    456.0898530218885
0.4656371486885811    448.68252361754224
0.46930686628404716    441.29757832590576
0.47300550516998324    433.95326676257
0.47673329327701824    426.68088012371584
0.4804904603321185    419.51402151091514
0.484277237872743    412.4809463912853
0.4880938592611157    405.59769044257973
0.4919405596986011    398.869194507678
0.49581757624020173    392.29473271759434
0.4997251478091689    385.8714576111944
0.5036635152117214    379.5948282132059
0.507632921151889    373.454789261464
0.5116336102464671    367.43385174253336
0.5156658290400957    361.50811896186445
0.5197298260204463    355.65342172727566
0.5238258516335387    349.8540679366934
0.5279541582991772    344.1053770210111
0.5321150004265011    338.4112750129075
0.5363086344296656    332.77822554079876
0.5405353187436425    327.2105586411228
0.5447953138401493    321.71257030518376
0.5490888822436966    316.29271502447085
0.5534162885477673    310.964418207571
0.5577777994311267    305.74049566868587
0.5621736836742505    300.62574637092007
0.5666042121758909    295.61460485629783
0.5710696579697748    290.69686070909216
0.5755702962414229    285.8644929235945
0.5801064043451126    281.11364475846983
0.5846782618209678    276.44075258165753
0.5892861504121901    271.83765553754716
0.593930354082415    267.2935196429193
0.5986111590332144    262.80196518277995
0.6033288537217372    258.36559624961217
0.6080837288784792    253.99254131326518
0.6128760775252038    249.68849139971658
0.6177061949929977    245.45331141629796
0.6225743789404747    241.2854566687611
0.6274809293721129    237.18762272018748
0.6324261486567456    233.16543049491725
0.6374103415461991    229.21540427963967
0.6424338151940654    225.3337969632401
0.6474968791746355    221.51776787907295
0.6525998455019757    217.7646090220845
0.657743028649159    214.0717396179411
0.6629267455676383    210.43679974134358
0.6681513157067825    206.85850483361082
0.6734170610335657    203.33615616015825
0.6787243060524016    199.86906454285355
0.6840733778251467    196.45654371548451
0.6894646059912519    193.097910493284
0.6948983227880832    189.79248493596216
0.7003748630713871    186.539590504385
0.7058945643359316    183.33855421098247
0.7114577667363063    180.1887067640229
0.717064813107879    177.0893827058561
0.7227160489879271    174.03992054523243
0.7284118226369286    171.03966288382617
0.7341524850600305    168.08795653704985
0.7399383900286703    165.18415264931477
0.7457698941023823    162.32760680380542
0.7516473566507739    159.5176791269101
0.7575711398756648    156.75373438741633
0.7635416088334132    154.0351420905682
0.769559131457409    151.36127656712742
0.7756240785807541    148.73151705751147
0.7817368239591072    146.1452477911596
0.7878977442937197    143.60185806120703
0.7941072192546555    141.10074229459295
0.8003656315041796    138.6413000940067
0.8066733667203451    136.22291970481038
0.8130308136207582    133.84495083424997
0.8194383639865396    131.50674526221397
0.8258964126864579    129.20766479648665
0.8324053577012698    126.94708112189176
0.8389656001482492    124.72437565167239
0.8455775443058974    122.53893938107622
0.8522415976388638    120.390172743105
0.8589581708230515    118.27748546640086
0.8657276777709337    116.20029643523482
0.8725505356570502    114.15803355157617
0.8794271649437214    112.15013359919776
0.8863579894069643    110.17604210979566
0.8933434361625986    108.23521323109262
0.9003839356925732    106.32710959689689
0.9074799218714936    104.45120219908178
0.914631831993364    102.60697026146265
0.9218401067985276    100.79390111554453
0.9291051905008318    99.01149007811098
0.9364275308150082    97.25924033061995
0.9438075789842527    95.53666280039468
0.9512457898080414    93.84327604357031
0.9587426216701534    92.17860612977647
0.9662985365669267    90.54218652852714
0.9739140001357175    88.93355799729595
0.981589481683602    87.35226847125179
0.9893254542163017    85.79787295462265
0.9971223944673231    84.26993342016091
1.0049807829273427    82.7680210957055
1.012901103873815    81.29171967550782
1.0208838454008222    79.84061980738086
1.0289294994491438    78.41431806581593
1.0370385618365778    77.0124168795877
1.0452115322885005    75.63452445995836
1.0534489144686525    74.28025472947814
1.061751216010183    72.9492272513831
1.0701189485469311    71.64106715959383
1.0785526277449617    70.35540508931349
1.0870527733343331    69.09187710823018
1.0956199091411307    67.8501246483198
1.104254563119755    66.6297944382506
1.1129572673854433    65.43053843639376
1.1217285582470724    64.25201376443863
1.1305689762402018    63.09388264160639
1.139479066160395    61.95581231947069
1.1484593770967795    60.83747501738361
1.1575104624658912    59.73854785850001
1.1666328800457844    58.65871280640611
1.1758271920103942    57.59765660235077
1.1850939649641876    56.555070703076424
1.1944337699770784    55.53065121925006
1.2038471826196255    54.524098854490866
1.2133347829984928    53.53511884500075
1.2228971557922033    52.56342089978474
1.2325348902871767    51.608719141469926
1.2422485804140329    50.670732045478445
1.2520388247841978    49.74918188334326
1.2619062267268017    48.84379408777492
1.271851394325845    47.95429823972272
1.2818749404576812    47.08042816883347
1.291977482828781    46.221921892365366
1.3021596440138086    45.378521554869316
1.3124220514939735    44.54997336862472
1.322765337695707    43.7360275548291
1.333190140029642    42.93643828552338
1.343697100929881    42.15096362626064
1.3542868678935949    41.379365479497686
1.3649600935209203    40.62140952870908
1.375717435555187    39.87686518321411
1.386559556923437    39.14550552371392
1.397487125777284    38.42710724852424
1.4085008155340977    37.72145062050047
1.4196013049184872    37.028319414653716
1.430789278004138    36.347500866438224
1.442065424255965    35.67878562071639
1.4534304385726078    35.02196768138342
1.4648850213292428    34.37684436165396
1.47642987842075    33.74321623499727
1.4880657213052217    33.12088708671609
1.499793267047791    32.509663866165425
1.5116132383648324    31.909356639598524
1.5235263636684941    31.319778543638886
1.5355333771115973    30.74074573936919
1.547635018632862    30.172077367174733
1.5598320340025158    29.613595523419022
1.5721251748682596    29.065125236738076
1.584515198801571    28.526494383126572
1.5970028693444034    27.997533637572822
1.6095889560562318    27.478076431935996
1.6222742345614891    26.967958913388653
1.6350594865973493    26.467019903416517
1.6479455000619085    25.975100857369217
1.6609330690627493    25.4920458245568
1.6740229939658606    25.017701408887
1.6872160814449724    24.551916730033778
1.7005131445312616    24.094543385135836
1.713915002663467    23.64543541101542
1.7274224817383705    23.204449246913427
1.7410364141617019    22.771443697734636
1.7547576388994444    22.346279897797164
1.768587001529521    21.928821275080796
1.7825253542939123    21.518933515967763
1.7965735561511738    21.1164845304709
1.8107324728293785    20.7213444179434
1.8250029768794522    20.333385433265203
1.8393859477289527    19.952481953498832
1.8538822717362753    19.57851044501084
1.868492842245255    19.211349431053545
1.8832185596402327    18.850879459799607
1.8980603314015358    18.496983072826342
1.913019072161415    18.14954477404349
1.9280957037603894    17.808450998709834
1.9432911553040637    17.473590047060778
1.9586063632203974    17.14485202662943
1.9740422713173915    16.822128887779456
1.989599830841264    16.505314402215095
2.005280000535065    16.19430413409419
2.0210837466977725    15.888995411561885
2.0370120432438226    15.58928729869909
2.0530658717631347    15.295080567881811
2.0692462215816168    15.006277672543641
2.085554089822108    14.722782720338857
2.1019904814658443    14.444501446699546
2.1185564094143814    14.171341188781746
2.1352528945520324    13.903210859795681
2.1520809658087563    13.64002092371529
2.169041660223578    13.381683370362339
2.1861360230085083    13.128111690858798
2.203365107612932    12.879220853445151
2.2207299757885437    12.634927279657001
2.2382316976547703    12.395148820857699
2.255871351764732    12.159804735120149
2.2736500251716882    11.928815664455609
2.291568813496038    11.702103612382468
2.309628820992849    11.479591921831595
2.3278311606198865    11.261205253384265
2.3461769541062134    11.046869563837143
2.3646673320213116    10.836512085090567
2.383303433844768    10.630061303355665
2.4020864080364728    10.427446938574214
2.421017412107406    10.228599916462848
2.4400976126909812    10.033452343926113
2.4593281856149165    9.841937502433941
2.478710315973709    9.653989830049706
2.4982451982016634    9.469544902385763
2.517934036146513    9.28853941385071
2.537778043143583    9.110911159185646
2.5577784420905747    8.936599015284818
2.577936465522943    8.765542923296007
2.598253355689823    8.597683870998582
2.618730364630604    8.432963875453247
2.6393687542520756    8.271325965921084
2.660169796406215    8.112714167047592
2.6811347729685346    7.957073482308081
2.7022649759170947    7.80434987771064
2.7235617074121348    7.654490265752963
2.745026279876293    7.507442489629948
2.766660016075498    7.363155307687696
2.7884642492004996    7.221578378121235
2.8104403229489994    7.082662243911775
2.832589591608475    6.946358318000653
2.8549134201396296    6.812618868696159
2.8774131842605284    6.681397005309985
2.9000902705313476    6.552646664020323
2.9229460764398376    6.426322593958042
2.9459820104874574    6.302380343512514
2.9691994922761475    6.180776246854463
2.9925999525958296    6.061467410492746
3.0161848335125723    5.944411689714089
3.039955588457479    5.829567670927216
3.063913682316226    5.7168946751954675
3.088060591519351    5.606352747192657
3.112397804133255    5.497902642862271
3.1369268199518774    5.391505817275896
3.161649150589136    5.287124412688048
3.186566319572075    5.184721246784132
3.211679862434774    5.084259801118949
3.236991326812944    4.985704209742855
3.2625022725393142    4.889019248012416
3.288214271739781    4.794170321583222
3.314128908930249    4.701123455581698
3.3402477811143085    4.609845283953612
3.366572497881633    4.520303038986173
3.3931046815072006    4.432464541001236
3.4198459670512276    4.346298188217435
3.4467980024599507    4.261772946777819
3.473962448667199    4.178858340941148
3.5013409796967143    4.097524443434248
3.528935282765337    4.017741865962668
3.5567470583869722    3.9394817498773493
3.5847780204774073    3.8627157569951205
3.613029896459895    3.7874160605704144
3.641504427371627    3.713555336415878
3.670203367971045    3.641106754169623
3.699128486845942    3.570043968707092
3.7282815665224733    3.5003411116486784
3.7576644035749993    3.431972780931648
3.7872788087368203    3.3649140319574147
3.8171266070117285    3.299140372586601
3.8472096377864937    3.2346277554642087
3.8775297549442365    3.1713525702323757
3.908088826978632    3.109291635873407
3.9388887371090906    3.048422193180824
3.9699313833967893    2.988721897356324
4.001218678861677    2.9301688107311095
4.032752551600318    2.8727413956091574
4.064534944904736    2.816418507230782
4.096567817382191    2.7611793868544225
4.128853143075835    2.707003654954917
4.161392911586396    2.653871304536349
4.194189128194769    2.6017626945576278
4.227243813985628    2.550658543469069
4.260559005971924    2.50053992285812
4.294136757220446    2.451388251202692
4.327979136978364    2.403185287729938
4.3620882308006985    2.3559131263795177
4.396466140678878    2.309554189868797
4.4311149851702565    2.264091223859169
4.466036899528709    2.2195072912212748
4.501234035836159    2.175785766397843
4.536708563135239    2.1329103298625736
4.57246266756297    2.0908649626732743
4.608498552485446    2.049633941118127
4.64481843863364    2.0092018313786673
4.6814245642402526    1.9695534816037443
4.718319185177666    1.9306740162773517
4.755504575096922    1.8925488348649804
4.792983025567858    1.8551636071322333
4.83075684622035    1.818504268293195
4.8688283648866    1.7825570142426692
4.907199927744619    1.7473082968707987
4.945873899462795    1.7127448194587265
4.984852663345652    1.6788535321540667
5.024138621480672    1.6456216275247566
5.063734194886346    1.6130365361900123
5.103641823661407    1.5810859225271978
5.143863967135138    1.5497576804532038
5.184403104018971    1.51903992927926
5.225261732559219    1.4889210096378547
5.266442370691072    1.4593894794805562
5.307947556193707    1.4304341101456832
5.349779846846707    1.4020438824945243
5.391941820587719    1.3742079831149794
5.4344360756712575    1.3469158005916213
5.477265230828869    1.3201569218409221
5.520431925430484    1.2939211285106564
5.5639388196471185    1.2681983934423042
5.6077885946147425    1.2429788771955326
5.651983952599538    1.2182529246336355
5.6965276171644605    1.1940110615688777
5.741422333337015    1.1702439914668121
5.786670867778464    1.1469425921779286
5.8322760089543015    1.1240979118310495
5.878240567306137    1.1017011656290074
5.92456737542483    1.0797437339153704
5.971259288225071    1.0582171592192657
6.018319183121365    1.0371131432850815
6.065749960205277    1.0164235441547789
6.113554542424189    0.996140373301982
6.161735875761458    0.9762557928168836
6.210296929417905    0.9567621126412086
6.259240695994831    0.9376517878522663
6.308570191678413    0.9189174159953254
6.358288456425634    0.90055173446348
6.408398554151546    0.8825476179241666
6.458903572918116    0.864898075791571
6.5098066251245745    0.8475962497440733
6.561110847699143    0.830635411286057
6.612819402292396    0.8140089593532236
6.664935475472076    0.7977104179607385
6.717462278919516    0.7817334338934178
6.770403049627488    0.766071774437272
6.823761050099722    0.7507193251516734
6.8775395685519936    0.7356700876814523
6.931741919114694    0.7209181776082385
6.986371442037109    0.7064578223403543
7.0414315038932385    0.6922833590406243
7.096925497789318    0.6783892325913923
7.152856843572842    0.6647699935961915
7.209228988043351    0.651420296395722
7.266045405164885    0.6383348965985024
7.32330959627999    0.6255086491985615
7.381025090325534    0.61293650733469
7.439195444050166    0.600613520492984
7.4978242422335475    0.5885348327105453
7.556915097907187    0.5766956808117176
7.616471652577141    0.5650913926763402
7.676497576448457    0.5537173855393807
7.736996568651272    0.5425691643214767
7.797972357468835    0.5316423199897836
7.859428700567224    0.5209325279486469
7.921369385226983    0.5104355464595106
7.983798228576425    0.5001472150896381
8.046719077826905    0.4900634531890248
8.110135810509952    0.48018025839512046
8.174052334716142    0.47049370516478556
8.23847258933598    0.46099994333304956
8.303400544302631    0.4516951966981808
8.368840200836598    0.4425757616325798
8.434795591692236    0.4336380057191088
8.501270781406307    0.4248783664123373
8.568269866548503    0.4162933497242593
8.63579697597381    0.4078795289341561
8.703856271077013    0.39963354332200945
8.772451946049117    0.3915520969252033
8.841588228135867    0.3836319573179966
8.911269377898176    0.3758699544134072
8.981499689474715    0.36826297927272844
9.052283490846605    0.36080798264727004
9.123625144104023    0.3535019738800709
9.195529045715093    0.346342020114391
9.267999626796778    0.33932524521329166
9.341041353388018    0.3324488286852916
9.414658726724864    0.32571000462992183
9.488856283517904    0.31910606070273456
9.563638596231899    0.31263433709947497
9.639010273367457    0.3062922255590719
9.714975959745113    0.3000771683850665
9.79154033679152    0.29398665748519914
9.868708122828021    0.28801823342878374
9.946484073361319    0.2821694845215811
10.024872981376578    0.2764380458978388
10.103879677632857    0.27082159862918614
10.183509030960694    0.2653178688501056
10.263765948562227    0.2599246268996325
10.344655376313565    0.254639686479046
10.426182299069653    0.24946090382521893
10.508351740971356    0.2443861768993697
10.591168765755132    0.2394134445909163
10.67463847706514    0.23454068593618174
10.758766018767643    0.22976591935166327
10.843556575268083    0.2250872018816057
10.929015371830523    0.22050262845963176
11.01514767489975    0.21601033118414537
11.101958792425684    0.2116084786072976
11.189454074190564    0.20729527502783265
11.27763891213868    0.2030689596379643
11.366518740708537    0.19892780588603498
11.456099037167828    0.19487012098234596
11.546385321950945    0.19089424525689383
11.637383158999258    0.18699855152319217
11.729098156103863    0.18318144445404863
11.821535965251236    0.1794413599690932
11.914702282971604    0.17577676463381764
12.008602850689867    0.17218615506994067
12.103243455079495    0.16866805737687798
12.198629928419104    0.1652210265641107
12.294768148951947    0.1618436459942571
12.391664041248054    0.15853452683665556
12.489323576569376    0.15529230753125126
12.587752773237849    0.15211565326260873
12.686957697006148    0.14900325544386536
12.786944461431563    0.14595383121042316
12.887719228252724    0.1429661229232317
12.989288207769404    0.14003889768144984
13.091657659225094    0.13717094684434208
13.194833891192804    0.13436108556222484
13.298823261963902    0.1316081523162881
13.4036321799398    0.12891100846715398
13.509267104026984    0.12626853781198055
13.615734544034986    0.12367964614997476
13.723041061077655    0.12114326085614203
13.83119326797735    0.11865833046314367
13.940197829672519    0.11622382424562325
14.05006146362852    0.11383873173414724
14.160790940251427    0.11150206234464048
14.272393083305335    0.10921284506723644
14.384874770332962    0.10697012808803072
14.498242933079322    0.10477297841576404
14.612504557919006    0.10262048151562603
14.72766668628666    0.10051174095005234
14.843736415111032    0.09844587802638007
14.96072089725216    0.09642203145124012
15.078627341942253    0.09443935699155057
15.197463015230042    0.09249702714199509
15.317235240428392    0.09059423079886698
15.43795139856572    0.08873017294014895
15.559618928840793    0.08690407431172405
15.682245329081283    0.08511517111959457
15.805838156205665    0.08336271472799935
15.930405026688993    0.08164597136332055
16.055953617032355    0.07996422182366572
16.18249166423578    0.07831676119402635
16.310026966275135    0.0767028985669014
16.43856738258263    0.075121956768284
16.56812083453128    0.07357327208891712
16.69869530592287    0.07205619402070942
16.830298843480087    0.07057008499822158
16.96293955734244    0.06911432014512224
17.096625621565924    0.0676882870255268
17.23136527462683    0.06629138540011861
17.36716681992942    0.0649230269832907
17.50403862631772    0.06358263515996301
17.641989128591092    0.06226964477345247
17.78102682802411    0.06098350194089517
17.92116029289057    0.05972366383261041
18.062398158991297    0.058489598454730445
18.20474913018649    0.05728078443602463
18.348221978932003    0.05609671081885669
18.49282554682012    0.05493687685418153
18.6385687451242    0.05380079180051567
18.78546055534794    0.05268797472680124
18.93351002977897    0.05159795431908582
19.08272629204652    0.05053026869095634
19.23311853768377    0.049484465197642546
19.384696034694485    0.04846010025373137
19.5374681241243    0.047456739154414715
19.691444220636143    0.04647395590021119
19.846633813090534    0.04551133302508899
20.00304646513045    0.04456846142792756
20.160691815770473    0.0436449402072581
20.31957957999093    0.04274037649921231
20.479719549336536    0.04185438531862609
20.641121592519934    0.04098658940323275
20.80379565602963    0.040136619060889854
20.967751764743095    0.03930411201977941
21.13300002254462    0.038488713281525755
21.299550612947797    0.03769007497717586
21.46741379972319    0.03690785622598554
21.636599927530792    0.03614172299413484
21.807119422557683    0.035391347926616176
21.978982793160288    0.034656410228487124
22.152200630512112    0.03393659555969619
22.326783609256516    0.03323159590736663
22.50274248816432    0.03254110946008201
22.68008811079699    0.03186484048463226
22.858831406174776    0.031202499205174462
23.038983389450387    0.030553801684760337
23.22055516258759    0.029918469709188555
23.40355791504544    0.029296230673131578
23.58800292446803    0.028686817468496165
23.77390155737916    0.02808996837497671
23.961265269883032    0.02750542695275327
24.15010560837013    0.02693294193729893
24.340434210228935    0.026372267136250477
24.532262804562848    0.02582316132830735
24.72560321291311    0.02528538816411627
24.920467349987458    0.02475871606910336
25.116867224394102    0.024242918148219196
25.314814939381957    0.023737772092554923
25.514322693586397    0.023243060087797966
25.71540278178119    0.022758568724487723
25.918067595635925    0.022284088910039985
26.12232962447975    0.02181941578250263
26.328201456071202    0.02136434862601076
26.535695777373643    0.020918690787908662
26.744825375337296    0.020482249597504526
26.95560313768714    0.02005483628479638
27.168042053717336    0.01963626588613997
27.382155215091387    0.01922635717610496
27.597955816649076    0.018824932604268457
27.815457157219754    0.018431818221730775
28.03467264044159    0.018046843608905086
28.255615775587767    0.017669841804734004
28.478300178398914    0.017300649237309344
28.702739571922372    0.016939105655864612
28.928947787357593    0.016585054064116495
29.156938764908624    0.01623834065492544
29.38672655464336    0.01589881474625233
29.618325317359076    0.015566328718385225
29.851749325455277    0.015240737952410661
30.087012963813155    0.014921900769905601
30.32413073068229    0.014609678373826243
30.56311723857375    0.014303934790570507
30.80398721516081    0.014004536813190669
31.046755504186685    0.013711353945733395
31.291437066378943    0.013424258348686774
31.538046980371668    0.013143124785510251
31.786600443634832    0.012867830570227905
32.03711277341051    0.012598255516064178
32.28959940765707    0.012334281885100495
32.544075906000366    0.012075794338933929
32.80055795069292    0.011822679890317427
33.05906134757995    0.01157482785576331
33.31960202707359    0.011332129809089674
33.58219604513482    0.011094479534308706
33.84685958426252    0.01086177296722333
34.113608954491    0.01063390815975741
34.382460594394985    0.010410785246382795
34.653431072102904    0.010192306402115233
34.926537086317516    0.009978375801241791
35.20179546734518    0.009768899576873406
35.47922317813322    0.009563785781306872
35.75883731531489    0.009362944347180482
36.04065511026323    0.009166287049407132
36.32469393015282    0.008973727467869607
36.61097127903029    0.008785180950862987
36.89950479889265    0.00860056457927005
37.19031227077467    0.00841979713145386
37.48341161584485    0.008242799048854214
37.778820896509416    0.00806949240227428
38.076558317525695    0.00789980085884272
38.37664222712387    0.007733649649638842
38.67909111813793    0.007570965537967106
38.98392362914497    0.007411676788268487
39.291158545613925    0.007255713135655771
39.600814801063486    0.007103005756060363
39.91291147822848    0.006953487236978873
40.2274678102361    0.006807091548807144
40.54450318179104    0.006663754016750275
40.86403713037037    0.00652341129329707
41.1860893474271    0.006386001331247978
41.5106796796039    0.006251463357285183
41.83782812995642    0.006119737844888306
42.16755485918546    0.005990766479920102
42.49988018687974    0.005864492141651911
42.83482459276799    0.005740858884043438
43.17240871798122    0.005619811911844391
43.512653366324386    0.005501297557130552
43.85557950555863    0.0053852632563135975
44.201208268693634    0.0052716575276154426
44.549560955289536    0.0051604299489982014
44.90065903276979    0.005051531136539902
45.254524137744006    0.004944912723247701
45.61117807734157    0.004840527338299276
45.97064283055509    0.004738328586704477
46.33294054959512    0.004638271029378103
46.69809356125546    0.004540310163616043
47.06612436828867    0.004444402403966598
47.43705565079305    0.004350505063488959
47.81091026761024    0.0042585763353911775
48.187711257734165    0.0041685752750398345
48.567481841730356    0.004080461782334446
48.95024542316718    0.003994196584438556
49.33602559005837    0.0039097412188609125
49.724846116316094    0.0038270580168796565
50.11673096321642    0.0037461100873022526
50.51170428087574    0.003666861300554919
50.9097904097394    0.0035892762730944847
51.31101388208117    0.003513320352136649
51.715399423515294    0.0034389596006938646
52.12297195452054    0.003366160781889716
52.53375659197535    0.0032948913377309464
52.94777865070607    0.0032251193799663993
53.36506364504677    0.0031568136802806075
53.78563729041202    0.0030899436567592845
54.20952550488099    0.0030244793606071132
54.63675441079497    0.0029603914631364326
55.06735033636746    0.0028976512430213324
55.50133981730611    0.0028362305738120113
55.93874959844832    0.0027761019117038157
56.37960663540927    0.0027172382835560405
56.82393809624345    0.0026596132751552063
57.27177136311832    0.002603201019718174
57.72313403400201    0.0025479761866298812
58.17805392436441    0.002493913970411156
58.636559068890676    0.0024409900799119296
59.098677723209335    0.0023891807277252024
59.56443836563326    0.0023384626198173202
60.03386969891517    0.00228881294537013
60.507000652015776    0.002240209366830918
60.98386038188685    0.002192630010165572
61.46447827526842    0.0021460534553110516
61.94888395049902    0.0021004587268232382
62.43710725934143    0.002055825284715899
62.92917828882204    0.002012133015487089
63.42512736308545    0.0019693622233291287
63.92498504526258    0.0019274936215184742
64.4287821393544    0.001886508323981729
64.93654969213061    0.0018463878361636471
65.44831899504224    0.0018071140418233188
65.96412158615051    0.0017686691991083768
66.48398925207005    0.0017310359355351545
67.00795402992829    0.001694197240353208
67.53604820933904    0.0016581364570563755
68.06830433439278    0.0016228372760480447
68.60475520566244    0.001588283727457558
69.14543388222417    0.0015544601741046883
69.69037368369486    0.001521351304608999
70.23960819228593    0.0014889421266412446
70.79317125487206    0.0014572179603138888
71.3510969850776    0.001426164431707812
71.9134197653785    0.0013957674665324399
72.48017424922168    0.0013660132839166212
73.05139536315983    0.0013368883903274846
73.62711830900413    0.0013083795736147038
74.20737856599402    0.0012804738971775233
74.79221189298278    0.001253158694252148
75.38165433064174    0.0012264215623168937
75.97574220368107    0.0012002503576127826
76.57451212308878    0.0011746331897771105
77.17800098838619    0.0011495584165877966
77.78624598990216    0.0011250146388161286
78.39928461106545    0.0011009906951856912
79.01715463071386    0.0010774756574353883
79.63989412542284    0.0010544588254843038
80.26754147185177    0.0010319297226963687
80.90013534910945    0.0010098780903805198
81.53771474113692    0.0009882938788025736
82.18031893911032    0.0009671672465064634
82.82798754386253    0.0009464885581712722
83.48076046832288    0.0009262483803138597
84.1386779399773    0.0009064374770758682
84.80178050334705    0.0008870468060985117
85.470109022488    0.0008680675144832891
86.14370468350789    0.0008494909348369039
86.82260899710492    0.000831308581398541
87.50686380112637    0.0008135121462478459
88.19651126314595    0.0007960934955919366
88.89159388306301    0.000779044666129732
89.59215449572122    0.0007623578614920678
90.29823627354908    0.0007460254487559594
91.00988272921943    0.0007300399550315134
91.7271377183313    0.000714394064119946
92.45004544211325    0.0006990806132412179
93.1786504501461    0.0006840925898298803
93.91299764310894    0.0006694231283976788
94.65313227554662    0.0006550655074615015
95.39909995865762    0.0006410131465353897
96.15094666310543    0.0006272596031851789
96.9087187218515    0.0006137985701445485
97.6724628330104    0.0006006238724911427
98.44222606272737    0.0005877294648815634
99.21805584808008    0.0005751094288439345
100.00000000000004    0.0005627579701269572
